radius[km],depth[km],density[g/cm**3],vp[km/s],vs[km/s],qkappa,qmu,K[GPa],mu[GPa],pressure[GPa],temperature[K]
       0.000,    6371.000,      13.105,      11.275,       3.679, 1328,  143, 1429.524161,  177.375468,  365.056426,       0.000
      31.320,    6339.680,      13.103,      11.273,       3.678, 1328,  143, 1428.833302,  177.203909,  365.038560,       0.000
      62.641,    6308.359,      13.100,      11.271,       3.676, 1328,  143, 1428.127638,  177.028678,  364.968739,       0.000
      93.962,    6277.038,      13.097,      11.269,       3.675, 1328,  143, 1427.407334,  176.849824,  364.851357,       0.000
     125.282,    6245.718,      13.094,      11.267,       3.673, 1328,  143, 1426.673268,  176.667599,  364.686815,       0.000
     156.603,    6214.397,      13.091,      11.265,       3.672, 1328,  143, 1425.926727,  176.482334,  364.475210,       0.000
     187.923,    6183.077,      13.088,      11.263,       3.670, 1328,  143, 1425.169250,  176.294408,  364.216600,       0.000
     219.244,    6151.756,      13.085,      11.261,       3.669, 1328,  143, 1424.402189,  176.104176,  363.911034,       0.000
     250.564,    6120.436,      13.082,      11.258,       3.667, 1328,  143, 1423.626528,  175.911906,  363.558562,       0.000
     281.885,    6089.115,      13.079,      11.256,       3.665, 1328,  143, 1422.832787,  175.715342,  363.159240,       0.000
     313.205,    6057.795,      13.075,      11.253,       3.663, 1328,  143, 1421.805633,  175.463088,  362.713130,       0.000
     344.526,    6026.474,      13.070,      11.250,       3.661, 1328,  143, 1420.670121,  175.186243,  362.220300,       0.000
     375.846,    5995.154,      13.066,      11.247,       3.659, 1328,  143, 1419.421579,  174.884169,  361.680825,       0.000
     407.167,    5963.833,      13.060,      11.243,       3.656, 1328,  143, 1418.059490,  174.556282,  361.094790,       0.000
     438.487,    5932.513,      13.054,      11.239,       3.653, 1328,  143, 1416.587195,  174.202556,  360.462282,       0.000
     469.808,    5901.192,      13.048,      11.234,       3.650, 1328,  143, 1415.007056,  173.822939,  359.783400,       0.000
     501.128,    5869.872,      13.042,      11.229,       3.647, 1328,  143, 1413.318996,  173.416943,  359.058248,       0.000
     532.449,    5838.551,      13.034,      11.224,       3.643, 1328,  143, 1411.523281,  172.984512,  358.286936,       0.000
     563.769,    5807.231,      13.027,      11.219,       3.639, 1328,  143, 1409.619011,  172.526646,  357.469583,       0.000
     595.090,    5775.910,      13.019,      11.213,       3.635, 1328,  143, 1407.604686,  172.043851,  356.606317,       0.000
     626.410,    5744.590,      13.011,      11.207,       3.631, 1328,  143, 1405.480054,  171.536504,  355.697268,       0.000
     657.731,    5713.269,      13.002,      11.201,       3.627, 1328,  143, 1403.244727,  171.004755,  354.742579,       0.000
     689.051,    5681.949,      12.993,      11.194,       3.622, 1328,  143, 1400.902808,  170.448411,  353.742395,       0.000
     720.372,    5650.628,      12.983,      11.187,       3.617, 1328,  143, 1398.456936,  169.867317,  352.696873,       0.000
     751.692,    5619.308,      12.973,      11.180,       3.612, 1328,  143, 1395.909327,  169.261952,  351.606173,       0.000
     783.013,    5587.987,      12.963,      11.173,       3.607, 1328,  143, 1393.260317,  168.631928,  350.470464,       0.000
     814.333,    5556.667,      12.952,      11.165,       3.601, 1328,  143, 1390.506216,  167.976411,  349.289923,       0.000
     845.654,    5525.346,      12.940,      11.157,       3.596, 1328,  143, 1387.642303,  167.295676,  348.064733,       0.000
     876.974,    5494.026,      12.929,      11.148,       3.590, 1328,  143, 1384.668053,  166.590891,  346.795082,       0.000
     908.295,    5462.705,      12.916,      11.139,       3.583, 1328,  143, 1381.585307,  165.862986,  345.481170,       0.000
     939.615,    5431.385,      12.904,      11.130,       3.577, 1328,  143, 1378.397213,  165.113095,  344.123198,       0.000
     970.936,    5400.064,      12.890,      11.120,       3.570, 1328,  143, 1374.975876,  164.311779,  342.721380,       0.000
    1002.256,    5368.744,      12.877,      11.111,       3.563, 1328,  143, 1371.540258,  163.508741,  341.275932,       0.000
    1033.577,    5337.423,      12.863,      11.101,       3.557, 1328,  143, 1368.100686,  162.706206,  339.787079,       0.000
    1064.897,    5306.103,      12.849,      11.091,       3.550, 1328,  143, 1364.656482,  161.903954,  338.255053,       0.000
    1096.218,    5274.782,      12.835,      11.081,       3.543, 1328,  143, 1361.205831,  161.101598,  336.680093,       0.000
    1127.539,    5243.461,      12.822,      11.071,       3.536, 1328,  143, 1357.747230,  160.298841,  335.062443,       0.000
    1158.859,    5212.141,      12.808,      11.061,       3.529, 1328,  143, 1354.279368,  159.495399,  333.402356,       0.000
    1190.179,    5180.820,      12.794,      11.051,       3.522, 1328,  143, 1350.801068,  158.691026,  331.700091,       0.000
    1221.500,    5149.500,      12.780,      11.041,       3.515, 1328,  143, 1347.311908,  157.885667,  329.955913,       0.000
    1221.500,    5149.500,      12.341,      10.359,       0.000,57823,    0, 1324.264009,    0.000000,  329.952383,       0.000
    1279.410,    5091.590,      12.307,      10.321,       0.000,57823,    0, 1310.961500,    0.000000,  326.252290,       0.000
    1337.321,    5033.680,      12.272,      10.283,       0.000,57823,    0, 1297.673693,    0.000000,  323.066743,       0.000
    1395.231,    4975.769,      12.237,      10.245,       0.000,57823,    0, 1284.402900,    0.000000,  319.728816,       0.000
    1453.141,    4917.859,      12.202,      10.207,       0.000,57823,    0, 1271.154059,    0.000000,  316.013598,       0.000
    1511.051,    4859.949,      12.167,      10.168,       0.000,57823,    0, 1257.933893,    0.000000,  312.448118,       0.000
    1568.961,    4802.039,      12.131,      10.129,       0.000,57823,    0, 1244.749572,    0.000000,  308.765271,       0.000
    1626.872,    4744.128,      12.096,      10.091,       0.000,57823,    0, 1231.608165,    0.000000,  304.872608,       0.000
    1684.782,    4686.218,      12.060,      10.052,       0.000,57823,    0, 1218.515581,    0.000000,  301.051616,       0.000
    1742.692,    4628.308,      12.024,      10.013,       0.000,57823,    0, 1205.426632,    0.000000,  296.812417,       0.000
    1800.603,    4570.397,      11.984,       9.970,       0.000,57823,    0, 1191.327840,    0.000000,  292.614296,       0.000
    1858.513,    4512.487,      11.942,       9.927,       0.000,57823,    0, 1176.833789,    0.000000,  288.317320,       0.000
    1916.423,    4454.577,      11.899,       9.882,       0.000,57823,    0, 1161.937064,    0.000000,  283.984568,       0.000
    1974.333,    4396.667,      11.853,       9.835,       0.000,57823,    0, 1146.634184,    0.000000,  279.564179,       0.000
    2032.244,    4338.756,      11.806,       9.787,       0.000,57823,    0, 1130.925530,    0.000000,  275.011674,       0.000
    2090.154,    4280.846,      11.757,       9.738,       0.000,57823,    0, 1114.816906,    0.000000,  270.395113,       0.000
    2148.064,    4222.936,      11.706,       9.686,       0.000,57823,    0, 1098.316642,    0.000000,  265.530609,       0.000
    2205.974,    4165.026,      11.653,       9.633,       0.000,57823,    0, 1081.434260,    0.000000,  260.636758,       0.000
    2263.885,    4107.115,      11.598,       9.579,       0.000,57823,    0, 1064.177652,    0.000000,  255.648575,       0.000
    2321.795,    4049.205,      11.541,       9.523,       0.000,57823,    0, 1046.556733,    0.000000,  250.511530,       0.000
    2379.705,    3991.295,      11.483,       9.464,       0.000,57823,    0, 1028.582562,    0.000000,  245.359381,       0.000
    2437.615,    3933.385,      11.422,       9.405,       0.000,57823,    0, 1010.264606,    0.000000,  240.111697,       0.000
    2495.526,    3875.474,      11.360,       9.343,       0.000,57823,    0,  991.612143,    0.000000,  234.869564,       0.000
    2553.436,    3817.564,      11.295,       9.280,       0.000,57823,    0,  972.638430,    0.000000,  229.459717,       0.000
    2611.346,    3759.654,      11.228,       9.214,       0.000,57823,    0,  953.352764,    0.000000,  223.987809,       0.000
    2669.256,    3701.744,      11.160,       9.147,       0.000,57823,    0,  933.757912,    0.000000,  218.490059,       0.000
    2727.167,    3643.833,      11.089,       9.078,       0.000,57823,    0,  913.855473,    0.000000,  212.909061,       0.000
    2785.077,    3585.923,      11.016,       9.007,       0.000,57823,    0,  893.653200,    0.000000,  207.280670,       0.000
    2842.987,    3528.013,      10.941,       8.933,       0.000,57823,    0,  873.170906,    0.000000,  201.516713,       0.000
    2900.897,    3470.103,      10.864,       8.858,       0.000,57823,    0,  852.445072,    0.000000,  195.712946,       0.000
    2958.808,    3412.192,      10.785,       8.780,       0.000,57823,    0,  831.523648,    0.000000,  189.793183,       0.000
    3016.718,    3354.282,      10.702,       8.699,       0.000,57823,    0,  809.796750,    0.000000,  183.853824,       0.000
    3074.628,    3296.372,      10.618,       8.617,       0.000,57823,    0,  788.364422,    0.000000,  177.916629,       0.000
    3132.539,    3238.461,      10.535,       8.534,       0.000,57823,    0,  767.267268,    0.000000,  171.913944,       0.000
    3190.449,    3180.551,      10.451,       8.452,       0.000,57823,    0,  746.500043,    0.000000,  165.874318,       0.000
    3248.359,    3122.641,      10.366,       8.369,       0.000,57823,    0,  726.054678,    0.000000,  159.770078,       0.000
    3306.269,    3064.731,      10.282,       8.286,       0.000,57823,    0,  705.923673,    0.000000,  153.663660,       0.000
    3364.180,    3006.820,      10.197,       8.203,       0.000,57823,    0,  686.100144,    0.000000,  147.531728,       0.000
    3422.090,    2948.910,      10.112,       8.119,       0.000,57823,    0,  666.580578,    0.000000,  141.427499,       0.000
    3480.000,    2891.000,      10.027,       8.035,       0.000,57823,    0,  647.364382,    0.000000,  135.290174,       0.000
    3480.000,    2891.000,       5.553,      13.937,       7.497,57823,35000,  662.354966,  312.117352,  135.286332,    2672.136
    3485.014,    2885.986,       5.550,      13.931,       7.495,57823,34534,  661.390118,  311.760045,  134.988934,    2670.481
    3490.029,    2880.971,       5.548,      13.924,       7.492,57823,34073,  660.426972,  311.402871,  134.687273,    2668.827
    3495.043,    2875.957,       5.545,      13.918,       7.490,57823,33616,  659.465777,  311.045979,  134.402075,    2667.172
    3500.057,    2870.943,       5.542,      13.912,       7.487,57823,33164,  658.506140,  310.689305,  134.101777,    2665.519
    3505.071,    2865.929,       5.540,      13.906,       7.485,57823,32715,  657.547850,  310.332849,  133.782124,    2663.865
    3510.086,    2860.914,       5.537,      13.900,       7.482,57823,32271,  656.590536,  309.976537,  133.484064,    2662.212
    3515.100,    2855.900,       5.535,      13.894,       7.479,57823,31831,  655.634622,  309.620496,  133.187667,    2660.559
    3520.114,    2850.886,       5.532,      13.888,       7.477,57823,31395,  654.682435,  309.264472,  132.888313,    2658.907
    3525.129,    2845.871,       5.530,      13.882,       7.474,57823,30963,  653.738752,  308.907888,  132.590744,    2657.255
    3530.143,    2840.857,       5.527,      13.876,       7.472,57823,30536,  652.796734,  308.551801,  132.296408,    2655.604
    3535.157,    2835.843,       5.524,      13.870,       7.469,57823,30112,  651.854357,  308.196492,  132.004310,    2653.953
    3540.171,    2830.829,       5.522,      13.864,       7.467,57823,29693,  650.910385,  307.842150,  131.707432,    2652.302
    3545.186,    2825.814,       5.519,      13.858,       7.464,57823,29278,  649.964114,  307.488740,  131.409765,    2650.651
    3550.200,    2820.800,       5.517,      13.852,       7.461,57823,28866,  649.015990,  307.136374,  131.112854,    2649.001
    3555.214,    2815.786,       5.514,      13.846,       7.459,57823,28459,  648.066307,  306.784951,  130.817316,    2647.351
    3560.229,    2810.771,       5.512,      13.840,       7.456,57823,28056,  647.115919,  306.434243,  130.486641,    2645.703
    3565.243,    2805.757,       5.509,      13.833,       7.454,57823,27657,  646.167834,  306.083330,  130.191313,    2644.058
    3570.257,    2800.743,       5.507,      13.827,       7.451,57823,27261,  645.228574,  305.728178,  129.893940,    2642.415
    3575.271,    2795.729,       5.504,      13.821,       7.448,57823,26870,  644.306959,  305.363026,  129.597533,    2640.774
    3580.286,    2790.714,       5.502,      13.815,       7.446,57823,26482,  643.403264,  304.987927,  129.302093,    2639.135
    3585.300,    2785.700,       5.499,      13.809,       7.443,57823,26099,  642.512695,  304.607391,  129.006572,    2637.498
    3590.314,    2780.686,       5.497,      13.803,       7.440,57823,25719,  641.631708,  304.223318,  128.712947,    2635.862
    3595.329,    2775.671,       5.494,      13.797,       7.437,57823,25343,  640.748539,  303.835660,  128.420294,    2634.224
    3600.343,    2770.657,       5.492,      13.791,       7.434,57823,24971,  639.842619,  303.445298,  128.120503,    2632.585
    3605.357,    2765.643,       5.489,      13.785,       7.430,57823,24603,  638.920387,  303.049720,  127.826969,    2630.941
    3610.371,    2760.629,       5.487,      13.778,       7.427,57823,24239,  637.986673,  302.653143,  127.536177,    2629.292
    3615.386,    2755.614,       5.484,      13.771,       7.424,57823,23878,  637.045234,  302.255677,  127.254428,    2627.633
    3620.400,    2750.600,       5.482,      13.765,       7.421,57823,23522,  636.091722,  301.860410,  126.961002,    2625.964
    3625.414,    2745.586,       5.479,      13.758,       7.418,57823,23169,  635.125441,  301.469814,  126.676359,    2624.283
    3630.429,    2740.571,       5.477,      13.751,       7.415,57823,22819,  634.146833,  301.084701,  126.379734,    2622.602
    3635.443,    2735.557,       5.474,      13.744,       7.412,57823,22474,  633.150987,  300.705303,  126.091343,    2620.917
    3640.457,    2730.543,       5.472,      13.737,       7.409,57823,22132,  632.141370,  300.332153,  125.798254,    2619.225
    3645.471,    2725.529,       5.469,      13.730,       7.406,57823,21793,  631.149534,  299.953545,  125.517887,    2617.531
    3650.486,    2720.514,       5.467,      13.724,       7.403,57823,21459,  630.153717,  299.597409,  125.228807,    2615.776
    3655.500,    2715.500,       5.465,      13.717,       7.400,57823,21128,  629.155795,  299.261417,  124.933190,    2613.937
    3660.514,    2710.486,       5.462,      13.710,       7.398,57823,20800,  628.145078,  298.955455,  124.643688,    2611.997
    3665.529,    2705.471,       5.460,      13.704,       7.396,57823,20476,  627.158545,  298.649638,  124.354801,    2609.934
    3670.543,    2700.457,       5.458,      13.698,       7.394,57823,20156,  626.206229,  298.345547,  124.065496,    2607.745
    3675.557,    2695.443,       5.455,      13.692,       7.392,57823,19839,  625.290532,  298.046948,  123.778492,    2605.433
    3680.571,    2690.429,       5.453,      13.686,       7.389,57823,19526,  624.401201,  297.757814,  123.485094,    2603.003
    3685.586,    2685.414,       5.451,      13.681,       7.387,57823,19216,  623.605850,  297.424623,  123.197422,    2600.468
    3690.600,    2680.400,       5.449,      13.675,       7.383,57823,18910,  622.988562,  296.996423,  122.911238,    2597.841
    3695.614,    2675.386,       5.446,      13.671,       7.378,57823,18607,  622.555164,  296.414701,  122.623570,    2595.136
    3700.629,    2670.371,       5.442,      13.666,       7.371,57823,18308,  622.236482,  295.680983,  122.336716,    2592.371
    3705.643,    2665.357,       5.437,      13.664,       7.363,57823,18012,  622.191290,  294.795043,  122.050308,    2589.554
    3710.657,    2660.343,       5.432,      13.666,       7.354,57823,17719,  622.721113,  293.796040,  121.765736,    2586.710
    3715.671,    2655.329,       5.427,      13.666,       7.346,57823,17430,  623.036232,  292.862005,  121.475131,    2583.855
    3720.686,    2650.314,       5.420,      13.665,       7.337,57823,17144,  623.115974,  291.743944,  121.189195,    2580.991
    3725.700,    2645.300,       5.411,      13.665,       7.326,57823,16862,  623.178815,  290.468563,  120.894532,    2578.148
    3730.714,    2640.286,       5.403,      13.664,       7.314,57823,16582,  623.427616,  288.982808,  120.609740,    2575.340
    3735.729,    2635.271,       5.393,      13.664,       7.301,57823,16307,  623.708437,  287.498442,  120.325538,    2572.560
    3740.743,    2630.257,       5.384,      13.665,       7.289,57823,16034,  623.945044,  286.049218,  120.040755,    2569.842
    3745.757,    2625.243,       5.375,      13.664,       7.277,57823,15765,  624.051468,  284.626101,  119.756805,    2567.196
    3750.771,    2620.229,       5.370,      13.662,       7.265,57823,15498,  624.478183,  283.393727,  119.485061,    2564.602
    3755.786,    2615.214,       5.365,      13.661,       7.252,57823,15236,  625.008187,  282.200556,  119.202267,    2562.094
    3760.800,    2610.200,       5.361,      13.659,       7.232,57823,14976,  626.332077,  280.398073,  118.919839,    2559.674
    3765.814,    2605.186,       5.357,      13.657,       7.216,57823,14719,  627.293255,  278.972684,  118.638360,    2557.279
    3770.829,    2600.171,       5.355,      13.655,       7.204,57823,14466,  628.012203,  277.905644,  118.358953,    2554.948
    3775.843,    2595.157,       5.353,      13.654,       7.200,57823,14216,  627.904443,  277.455522,  118.078508,    2552.529
    3780.857,    2590.143,       5.350,      13.652,       7.190,57823,13969,  628.345250,  276.592721,  117.797198,    2549.975
    3785.871,    2585.129,       5.348,      13.650,       7.182,57823,13724,  628.697134,  275.817162,  117.516892,    2547.350
    3790.886,    2580.114,       5.345,      13.647,       7.174,57823,13484,  628.646677,  275.127917,  117.236026,    2544.691
    3795.900,    2575.100,       5.343,      13.642,       7.168,57823,13246,  628.275295,  274.525705,  116.957510,    2542.033
    3800.914,    2570.086,       5.341,      13.638,       7.163,57823,13011,  628.024640,  274.014322,  116.676572,    2539.405
    3805.929,    2565.071,       5.338,      13.635,       7.159,57823,12779,  627.606338,  273.600255,  116.397924,    2536.821
    3810.943,    2560.057,       5.336,      13.631,       7.156,57823,12550,  627.045339,  273.257319,  116.120493,    2534.294
    3815.957,    2555.043,       5.333,      13.627,       7.154,57823,12324,  626.493978,  272.954397,  115.842911,    2531.836
    3820.971,    2550.029,       5.331,      13.625,       7.152,57823,12101,  626.038996,  272.657646,  115.561641,    2529.455
    3825.986,    2545.014,       5.329,      13.620,       7.149,57823,11881,  625.382169,  272.365111,  115.285480,    2527.161
    3831.000,    2540.000,       5.326,      13.617,       7.147,57823,11664,  624.783649,  272.077347,  115.006818,    2524.957
    3841.005,    2529.995,       5.321,      13.605,       7.143,57823,11239,  623.004794,  271.511804,  114.453140,    2520.663
    3851.010,    2519.990,       5.317,      13.594,       7.139,57823,10826,  621.154346,  270.951827,  113.900658,    2516.605
    3861.014,    2509.986,       5.312,      13.582,       7.135,57823,10424,  619.299769,  270.395298,  113.348826,    2512.775
    3871.019,    2499.981,       5.307,      13.570,       7.131,57823,10033,  617.445787,  269.839456,  112.800443,    2509.157
    3881.024,    2489.976,       5.302,      13.558,       7.127,57823, 9653,  615.577317,  269.297694,  112.247664,    2505.740
    3891.029,    2479.971,       5.297,      13.546,       7.123,57823, 9283,  613.703562,  268.760576,  111.700590,    2502.490
    3901.033,    2469.967,       5.293,      13.534,       7.119,57823, 8925,  611.825075,  268.227754,  111.154352,    2499.379
    3911.038,    2459.962,       5.288,      13.522,       7.115,57823, 8576,  609.960715,  267.685114,  110.612081,    2496.396
    3921.043,    2449.957,       5.283,      13.510,       7.111,57823, 8238,  608.097345,  267.141401,  110.059305,    2493.508
    3931.048,    2439.952,       5.278,      13.498,       7.107,57823, 7910,  606.234486,  266.597348,  109.515360,    2490.690
    3941.052,    2429.948,       5.274,      13.486,       7.103,57823, 7591,  604.374929,  266.050799,  108.971877,    2487.951
    3951.057,    2419.943,       5.269,      13.474,       7.099,57823, 7283,  602.516577,  265.503672,  108.425941,    2485.259
    3961.062,    2409.938,       5.264,      13.462,       7.095,57823, 6984,  600.660247,  264.956129,  107.888187,    2482.599
    3971.067,    2399.933,       5.259,      13.450,       7.091,57823, 6694,  598.806491,  264.408716,  107.348199,    2480.010
    3981.072,    2389.928,       5.254,      13.438,       7.086,57823, 6414,  596.956398,  263.861957,  106.813629,    2477.351
    3991.076,    2379.924,       5.249,      13.426,       7.082,57823, 6143,  595.111812,  263.316308,  106.264746,    2474.662
    4001.081,    2369.919,       5.245,      13.413,       7.078,57823, 5881,  593.274141,  262.771925,  105.724894,    2471.952
    4011.086,    2359.914,       5.240,      13.401,       7.074,57823, 5627,  591.444921,  262.228958,  105.188740,    2469.224
    4021.091,    2349.909,       5.235,      13.389,       7.070,57823, 5382,  589.624811,  261.687284,  104.659326,    2466.489
    4031.095,    2339.905,       5.230,      13.378,       7.066,57823, 5146,  587.813790,  261.146629,  104.125905,    2463.750
    4041.100,    2329.900,       5.226,      13.366,       7.062,57823, 4918,  586.010276,  260.606382,  103.594212,    2461.006
    4051.105,    2319.895,       5.221,      13.354,       7.058,57823, 4698,  584.212369,  260.065938,  103.061963,    2458.258
    4061.110,    2309.890,       5.216,      13.342,       7.054,57823, 4486,  582.417790,  259.524483,  102.531333,    2455.506
    4071.115,    2299.885,       5.211,      13.330,       7.050,57823, 4282,  580.624820,  258.981079,  101.999085,    2452.750
    4081.119,    2289.881,       5.206,      13.318,       7.045,57823, 4085,  578.832813,  258.434747,  101.467893,    2449.992
    4091.124,    2279.876,       5.202,      13.306,       7.041,57823, 3896,  577.041353,  257.884346,  100.938710,    2447.230
    4101.129,    2269.871,       5.197,      13.294,       7.037,57823, 3715,  575.250907,  257.329216,  100.410102,    2444.466
    4111.134,    2259.866,       5.192,      13.281,       7.033,57823, 3540,  573.461609,  256.769333,   99.881402,    2441.698
    4121.139,    2249.861,       5.187,      13.269,       7.028,57823, 3373,  571.673424,  256.205244,   99.350584,    2438.928
    4131.143,    2239.857,       5.182,      13.257,       7.024,57823, 3212,  569.886758,  255.637676,   98.823545,    2436.155
    4141.148,    2229.852,       5.177,      13.244,       7.019,57823, 3058,  568.101950,  255.067218,   98.298067,    2433.378
    4151.153,    2219.847,       5.173,      13.232,       7.014,57823, 2911,  566.320010,  254.494823,   97.773073,    2430.599
    4161.158,    2209.842,       5.168,      13.220,       7.010,57823, 2770,  564.541467,  253.921508,   97.247747,    2427.816
    4171.162,    2199.838,       5.163,      13.207,       7.005,57823, 2635,  562.766343,  253.348195,   96.740523,    2425.030
    4181.167,    2189.833,       5.158,      13.195,       7.000,57823, 2506,  560.993137,  252.775406,   96.200967,    2422.240
    4191.172,    2179.828,       5.153,      13.182,       6.996,57823, 2384,  559.220289,  252.203898,   95.678914,    2419.447
    4201.177,    2169.823,       5.148,      13.170,       6.991,57823, 2267,  557.446078,  251.634645,   95.168428,    2416.650
    4211.181,    2159.819,       5.144,      13.157,       6.987,57823, 2155,  555.668640,  251.069007,   94.647922,    2413.850
    4221.186,    2149.814,       5.139,      13.145,       6.982,57823, 2049,  553.884786,  250.508614,   94.127121,    2411.046
    4231.191,    2139.809,       5.134,      13.132,       6.978,57823, 1948,  552.091539,  249.955068,   93.607560,    2408.237
    4241.196,    2129.804,       5.129,      13.120,       6.973,57823, 1852,  550.285221,  249.408459,   93.089266,    2405.425
    4251.201,    2119.799,       5.124,      13.107,       6.969,57823, 1761,  548.459310,  248.867685,   92.573337,    2402.608
    4261.205,    2109.795,       5.119,      13.094,       6.965,57823, 1675,  546.607537,  248.331890,   92.057048,    2399.788
    4271.210,    2099.790,       5.114,      13.081,       6.961,57823, 1594,  544.730197,  247.800863,   91.542247,    2396.963
    4281.215,    2089.785,       5.109,      13.068,       6.957,57823, 1517,  542.833477,  247.274169,   91.056768,    2394.132
    4291.220,    2079.780,       5.104,      13.055,       6.953,57823, 1444,  540.923923,  246.749136,   90.542626,    2391.297
    4301.224,    2069.776,       5.099,      13.041,       6.949,57823, 1376,  539.005538,  246.222965,   90.029264,    2388.456
    4311.229,    2059.771,       5.095,      13.028,       6.945,57823, 1311,  537.078804,  245.695117,   89.518033,    2385.608
    4321.234,    2049.766,       5.090,      13.014,       6.940,57823, 1250,  535.145900,  245.165517,   89.015523,    2382.754
    4331.239,    2039.761,       5.085,      13.001,       6.936,57823, 1193,  533.210628,  244.633331,   88.495605,    2379.894
    4341.243,    2029.757,       5.080,      12.987,       6.932,57823, 1139,  531.279614,  244.098033,   87.984941,    2377.026
    4351.248,    2019.752,       5.075,      12.973,       6.928,57823, 1089,  529.361895,  243.558895,   87.480553,    2374.151
    4361.253,    2009.747,       5.070,      12.959,       6.923,57823, 1042,  527.465787,  243.014226,   86.971292,    2371.268
    4371.258,    1999.742,       5.065,      12.946,       6.919,57823,  998,  525.595126,  242.461883,   86.462707,    2368.378
    4381.263,    1989.737,       5.060,      12.933,       6.914,57823,  956,  523.749143,  241.902286,   85.954303,    2365.481
    4391.267,    1979.733,       5.055,      12.919,       6.910,57823,  918,  521.925717,  241.338048,   85.447409,    2362.577
    4401.272,    1969.728,       5.050,      12.906,       6.905,57823,  881,  520.122766,  240.770989,   84.940429,    2359.667
    4411.277,    1959.723,       5.045,      12.893,       6.900,57823,  848,  518.337031,  240.202165,   84.436832,    2356.751
    4421.282,    1949.718,       5.040,      12.880,       6.895,57823,  816,  516.563401,  239.632017,   83.932379,    2353.829
    4431.287,    1939.713,       5.035,      12.867,       6.891,57823,  787,  514.798001,  239.060545,   83.425956,    2350.903
    4441.291,    1929.709,       5.030,      12.854,       6.886,57823,  759,  513.039198,  238.487726,   82.921495,    2347.973
    4451.296,    1919.704,       5.025,      12.840,       6.881,57823,  733,  511.285765,  237.913678,   82.420948,    2345.039
    4461.301,    1909.699,       5.020,      12.827,       6.876,57823,  709,  509.515037,  237.339069,   81.915272,    2342.101
    4471.306,    1899.694,       5.015,      12.813,       6.871,57823,  686,  507.604279,  236.764653,   81.416698,    2339.160
    4481.310,    1889.690,       5.010,      12.798,       6.866,57823,  664,  505.607406,  236.191040,   80.914628,    2336.216
    4491.315,    1879.685,       5.005,      12.783,       6.861,57823,  643,  503.657063,  235.618393,   80.414215,    2333.269
    4501.320,    1869.680,       5.000,      12.768,       6.856,57823,  624,  501.727939,  235.046967,   79.913465,    2330.318
    4511.325,    1859.675,       4.995,      12.753,       6.852,57823,  605,  499.796896,  234.477106,   79.413469,    2327.363
    4521.329,    1849.671,       4.990,      12.739,       6.847,57823,  588,  497.856054,  233.909266,   78.915219,    2324.404
    4531.334,    1839.666,       4.985,      12.724,       6.842,57823,  571,  495.901597,  233.343523,   78.413211,    2321.440
    4541.339,    1829.661,       4.980,      12.709,       6.837,57823,  555,  493.886213,  232.779985,   77.916721,    2318.471
    4551.344,    1819.656,       4.975,      12.694,       6.832,57823,  541,  491.984472,  232.218758,   77.438908,    2315.497
    4561.349,    1809.651,       4.970,      12.681,       6.828,57823,  527,  490.248946,  231.659507,   76.941182,    2312.518
    4571.353,    1799.647,       4.964,      12.667,       6.823,57823,  513,  488.479856,  231.100613,   76.444804,    2309.533
    4581.358,    1789.642,       4.959,      12.654,       6.818,57823,  501,  486.711692,  230.539687,   75.949399,    2306.543
    4591.363,    1779.637,       4.954,      12.640,       6.813,57823,  489,  484.937281,  229.975943,   75.459057,    2303.547
    4601.368,    1769.632,       4.949,      12.626,       6.808,57823,  479,  483.140282,  229.409764,   74.966934,    2300.547
    4611.373,    1759.627,       4.944,      12.612,       6.803,57823,  468,  481.265380,  228.841401,   74.472431,    2297.542
    4621.377,    1749.623,       4.939,      12.597,       6.798,57823,  459,  479.405360,  228.270867,   73.980869,    2294.535
    4631.382,    1739.618,       4.934,      12.587,       6.793,57823,  450,  478.086543,  227.697918,   73.488275,    2291.525
    4641.387,    1729.613,       4.929,      12.576,       6.788,57823,  441,  476.637052,  227.122101,   72.997132,    2288.513
    4651.392,    1719.608,       4.924,      12.564,       6.783,57823,  433,  475.097003,  226.542759,   72.505987,    2285.500
    4661.396,    1709.604,       4.918,      12.551,       6.778,57823,  426,  473.564801,  225.960675,   72.015200,    2282.487
    4671.401,    1699.599,       4.913,      12.539,       6.773,57823,  419,  472.032536,  225.377904,   71.527611,    2279.472
    4681.406,    1689.594,       4.908,      12.527,       6.768,57823,  412,  470.505846,  224.796053,   71.037509,    2276.456
    4691.411,    1679.589,       4.903,      12.515,       6.762,57823,  406,  469.002243,  224.215439,   70.548848,    2273.439
    4701.415,    1669.585,       4.898,      12.503,       6.757,57823,  400,  467.534503,  223.635793,   70.053957,    2270.421
    4711.420,    1659.580,       4.893,      12.492,       6.752,57823,  395,  466.040311,  223.056349,   69.576549,    2267.401
    4721.425,    1649.575,       4.888,      12.478,       6.747,57823,  390,  464.337169,  222.476373,   69.090286,    2264.378
    4731.430,    1639.570,       4.882,      12.463,       6.742,57823,  385,  462.549024,  221.895221,   68.605509,    2261.352
    4741.435,    1629.565,       4.877,      12.448,       6.736,57823,  380,  460.622238,  221.312567,   68.119272,    2258.322
    4751.439,    1619.561,       4.872,      12.432,       6.731,57823,  375,  458.650897,  220.728318,   67.633689,    2255.286
    4761.444,    1609.556,       4.867,      12.416,       6.726,57823,  371,  456.696081,  220.142228,   67.148708,    2252.243
    4771.449,    1599.551,       4.862,      12.400,       6.720,57823,  367,  454.759171,  219.555035,   66.664439,    2249.190
    4781.454,    1589.546,       4.856,      12.384,       6.715,57823,  363,  452.826733,  218.970438,   66.180963,    2246.126
    4791.458,    1579.542,       4.851,      12.368,       6.710,57823,  359,  450.884501,  218.392486,   65.697873,    2243.050
    4801.463,    1569.537,       4.846,      12.352,       6.704,57823,  355,  448.929478,  217.819427,   65.216107,    2239.959
    4811.468,    1559.532,       4.841,      12.336,       6.699,57823,  351,  446.922245,  217.248835,   64.734239,    2236.853
    4821.473,    1549.527,       4.835,      12.317,       6.694,57823,  347,  444.699328,  216.680857,   64.254322,    2233.729
    4831.477,    1539.523,       4.830,      12.305,       6.689,57823,  344,  443.158452,  216.116668,   63.773882,    2230.587
    4841.482,    1529.518,       4.825,      12.292,       6.684,57823,  341,  441.603126,  215.557553,   63.295176,    2227.427
    4851.487,    1519.513,       4.820,      12.278,       6.679,57823,  337,  439.890225,  215.002630,   62.815552,    2224.247
    4861.492,    1509.508,       4.815,      12.264,       6.674,57823,  334,  438.191032,  214.447603,   62.336145,    2221.047
    4871.497,    1499.503,       4.810,      12.250,       6.669,57823,  331,  436.535217,  213.894026,   61.858169,    2217.827
    4881.501,    1489.499,       4.804,      12.236,       6.664,57823,  328,  434.835500,  213.338038,   61.380044,    2214.587
    4891.506,    1479.494,       4.799,      12.221,       6.658,57823,  325,  433.072585,  212.779288,   60.897596,    2211.327
    4901.511,    1469.489,       4.794,      12.208,       6.653,57823,  322,  431.513846,  212.220102,   60.420728,    2208.047
    4911.516,    1459.484,       4.789,      12.195,       6.648,57823,  320,  430.055374,  211.663840,   59.943175,    2204.746
    4921.520,    1449.480,       4.784,      12.183,       6.643,57823,  317,  428.595520,  211.110331,   59.468261,    2201.427
    4931.525,    1439.475,       4.779,      12.170,       6.637,57823,  314,  427.133017,  210.541534,   58.993307,    2198.089
    4941.530,    1429.470,       4.774,      12.157,       6.632,57823,  312,  425.636822,  209.950890,   58.519646,    2194.735
    4951.535,    1419.465,       4.769,      12.144,       6.626,57823,  309,  424.128745,  209.354838,   58.045472,    2191.366
    4961.540,    1409.460,       4.764,      12.130,       6.620,57823,  307,  422.621679,  208.757362,   57.571839,    2187.984
    4971.544,    1399.456,       4.759,      12.117,       6.614,57823,  304,  421.109977,  208.158984,   57.097976,    2184.591
    4981.549,    1389.451,       4.754,      12.103,       6.608,57823,  302,  419.582957,  207.561276,   56.624794,    2181.189
    4991.554,    1379.446,       4.748,      12.089,       6.602,57823,  300,  418.006043,  206.936364,   56.153257,    2177.780
    5001.559,    1369.441,       4.742,      12.076,       6.596,57823,  298,  416.484203,  206.323171,   55.680876,    2174.366
    5011.564,    1359.436,       4.737,      12.062,       6.590,57823,  295,  414.936451,  205.709093,   55.209548,    2170.948
    5021.568,    1349.432,       4.732,      12.047,       6.584,57823,  293,  413.293400,  205.094319,   54.736147,    2167.528
    5031.573,    1339.427,       4.726,      12.033,       6.578,57823,  291,  411.629715,  204.478803,   54.267429,    2164.108
    5041.578,    1329.422,       4.721,      12.018,       6.572,57823,  289,  409.967296,  203.862713,   53.796240,    2160.688
    5051.583,    1319.417,       4.716,      12.003,       6.565,57823,  287,  408.362058,  203.274795,   53.329440,    2157.270
    5061.587,    1309.413,       4.710,      11.988,       6.559,57823,  285,  406.694200,  202.656422,   52.862040,    2153.855
    5071.592,    1299.408,       4.705,      11.973,       6.553,57823,  283,  405.025510,  202.039448,   52.393892,    2150.443
    5081.597,    1289.403,       4.699,      11.958,       6.547,57823,  281,  403.354979,  201.424366,   51.925450,    2147.035
    5091.602,    1279.398,       4.694,      11.942,       6.541,57823,  280,  401.682069,  200.811333,   51.453371,    2143.631
    5101.606,    1269.394,       4.688,      11.927,       6.535,57823,  278,  400.007075,  200.200138,   50.988199,    2140.230
    5111.611,    1259.389,       4.683,      11.912,       6.529,57823,  276,  398.330235,  199.589943,   50.522964,    2136.833
    5121.616,    1249.384,       4.677,      11.897,       6.522,57823,  275,  396.652710,  198.979775,   50.061928,    2133.440
    5131.621,    1239.379,       4.672,      11.881,       6.516,57823,  273,  394.975620,  198.368668,   49.596768,    2130.049
    5141.626,    1229.374,       4.666,      11.866,       6.510,57823,  271,  393.299664,  197.756127,   49.132962,    2126.661
    5151.630,    1219.370,       4.660,      11.850,       6.504,57823,  270,  391.625092,  197.142152,   48.669254,    2123.275
    5161.635,    1209.365,       4.655,      11.835,       6.498,57823,  269,  389.951297,  196.526683,   48.205931,    2119.890
    5171.640,    1199.360,       4.649,      11.819,       6.491,57823,  267,  388.278180,  195.909787,   47.742535,    2116.506
    5181.645,    1189.355,       4.644,      11.804,       6.485,57823,  266,  386.605790,  195.291373,   47.280570,    2113.123
    5191.649,    1179.351,       4.638,      11.788,       6.479,57823,  264,  384.934452,  194.671357,   46.819849,    2109.742
    5201.654,    1169.346,       4.632,      11.772,       6.472,57823,  263,  383.262409,  194.049560,   46.356699,    2106.361
    5211.659,    1159.341,       4.627,      11.756,       6.466,57823,  262,  381.583712,  193.426267,   45.897108,    2102.982
    5221.664,    1149.336,       4.621,      11.740,       6.459,57823,  261,  379.890758,  192.801916,   45.432094,    2099.604
    5231.668,    1139.332,       4.615,      11.724,       6.453,57823,  260,  378.185973,  192.176902,   44.973223,    2096.229
    5241.673,    1129.327,       4.610,      11.708,       6.446,57823,  258,  376.474519,  191.551194,   44.515689,    2092.856
    5251.678,    1119.322,       4.604,      11.691,       6.440,57823,  257,  374.757743,  190.924761,   44.058575,    2089.486
    5261.683,    1109.317,       4.598,      11.675,       6.433,57823,  256,  373.033175,  190.297411,   43.601826,    2086.119
    5271.688,    1099.312,       4.593,      11.658,       6.426,57823,  255,  371.295172,  189.668997,   43.146086,    2082.755
    5281.692,    1089.308,       4.587,      11.641,       6.420,57823,  254,  369.558438,  189.039616,   42.690654,    2079.394
    5291.697,    1079.303,       4.581,      11.625,       6.413,57823,  254,  367.839620,  188.409363,   42.232224,    2076.035
    5301.702,    1069.298,       4.575,      11.608,       6.406,57823,  253,  366.125861,  187.778644,   41.779606,    2072.675
    5311.707,    1059.293,       4.570,      11.591,       6.400,57823,  252,  364.415196,  187.147865,   41.320140,    2069.313
    5321.712,    1049.288,       4.563,      11.575,       6.393,57823,  251,  362.656483,  186.488048,   40.870018,    2065.948
    5331.716,    1039.284,       4.557,      11.558,       6.386,57823,  250,  360.968708,  185.857912,   40.417085,    2062.575
    5341.721,    1029.279,       4.551,      11.541,       6.379,57823,  250,  359.289664,  185.227872,   39.966424,    2059.194
    5351.726,    1019.274,       4.546,      11.525,       6.373,57823,  249,  357.664487,  184.627047,   39.509811,    2055.800
    5361.731,    1009.269,       4.540,      11.508,       6.366,57823,  248,  355.985492,  183.996353,   39.061754,    2052.391
    5371.735,     999.265,       4.535,      11.491,       6.359,57823,  248,  354.299073,  183.364558,   38.610205,    2048.965
    5381.740,     989.260,       4.529,      11.474,       6.352,57823,  247,  352.609168,  182.730254,   38.159184,    2045.517
    5391.745,     979.255,       4.523,      11.457,       6.345,57823,  246,  350.925920,  182.091850,   37.712382,    2042.043
    5401.750,     969.250,       4.517,      11.441,       6.338,57823,  246,  349.261889,  181.448459,   37.263693,    2038.540
    5411.755,     959.245,       4.511,      11.424,       6.331,57823,  245,  347.614232,  180.800497,   36.814973,    2035.005
    5421.759,     949.241,       4.505,      11.406,       6.324,57823,  245,  345.910711,  180.148845,   36.366630,    2031.436
    5431.764,     939.236,       4.498,      11.388,       6.316,57823,  244,  344.095291,  179.465436,   35.919008,    2027.829
    5441.769,     929.231,       4.492,      11.370,       6.309,57823,  244,  342.330450,  178.808189,   35.470595,    2024.184
    5451.774,     919.226,       4.486,      11.352,       6.302,57823,  243,  340.572006,  178.149005,   35.023029,    2020.501
    5461.778,     909.222,       4.480,      11.333,       6.294,57823,  243,  338.822898,  177.488234,   34.577177,    2016.781
    5471.783,     899.217,       4.475,      11.315,       6.287,57823,  243,  337.139334,  176.854328,   34.125536,    2013.022
    5481.788,     889.212,       4.469,      11.297,       6.279,57823,  242,  335.413958,  176.191672,   33.682822,    2009.227
    5491.793,     879.207,       4.463,      11.279,       6.271,57823,  242,  333.699480,  175.530099,   33.237743,    2005.398
    5501.797,     869.203,       4.457,      11.261,       6.264,57823,  242,  331.994319,  174.870980,   32.797102,    2001.538
    5511.802,     859.198,       4.451,      11.243,       6.256,57823,  241,  330.296802,  174.214909,   32.351652,    1997.646
    5521.807,     849.193,       4.444,      11.225,       6.249,57823,  241,  328.560194,  173.527060,   31.911089,    1993.726
    5531.812,     839.188,       4.438,      11.207,       6.241,57823,  241,  326.926138,  172.839719,   31.468940,    1989.774
    5541.817,     829.183,       4.433,      11.189,       6.232,57823,  240,  325.377097,  172.166226,   31.030771,    1985.792
    5551.821,     819.179,       4.427,      11.171,       6.224,57823,  240,  323.773803,  171.471166,   30.590203,    1981.776
    5561.826,     809.174,       4.421,      11.153,       6.215,57823,  240,  322.173813,  170.779014,   30.149884,    1977.725
    5571.831,     799.169,       4.414,      11.135,       6.207,57823,  240,  320.575528,  170.088051,   29.709289,    1973.636
    5581.836,     789.164,       4.408,      11.117,       6.199,57823,  240,  318.969123,  169.402389,   29.268937,    1969.509
    5591.840,     779.160,       4.402,      11.099,       6.191,57823,  239,  317.349251,  168.723423,   28.829685,    1965.343
    5601.845,     769.155,       4.396,      11.078,       6.182,57823,  239,  315.484527,  168.020377,   28.394884,    1961.136
    5611.850,     759.150,       4.390,      11.051,       6.173,57823,  239,  313.042959,  167.278838,   27.957012,    1956.887
    5621.855,     749.145,       4.384,      11.025,       6.164,57823,  239,  310.752830,  166.534144,   27.519860,    1952.595
    5631.859,     739.141,       4.377,      11.001,       6.154,57823,  239,  308.687206,  165.791448,   27.082577,    1948.260
    5641.864,     729.136,       4.370,      10.977,       6.145,57823,  239,  306.553467,  164.991187,   26.648686,    1943.879
    5651.869,     719.131,       4.363,      10.954,       6.135,57823,  238,  304.493352,  164.225539,   26.212873,    1939.451
    5661.874,     709.126,       4.356,      10.930,       6.126,57823,  238,  302.439159,  163.462127,   25.795273,    1934.976
    5671.879,     699.121,       4.349,      10.907,       6.117,57823,  238,  300.388863,  162.700961,   25.360287,    1930.453
    5681.883,     689.117,       4.342,      10.883,       6.107,57823,  238,  298.342798,  161.942148,   24.926706,    1925.885
    5691.888,     679.112,       4.335,      10.864,       6.098,57823,  238,  296.658992,  161.185559,   24.403780,    1921.273
    5701.893,     669.107,       4.292,      10.739,       5.937,57823,  204,  293.191162,  151.292641,   24.068676,    1916.617
    5711.898,     659.102,       4.192,      10.554,       5.770,57823,  134,  280.840682,  139.541846,   23.571383,    1911.918
    5721.903,     649.097,       4.094,      10.380,       5.621,57823,  136,  268.590813,  129.365883,   23.159786,    1907.174
    5731.907,     639.093,       4.025,      10.236,       5.513,57823,  134,  258.655281,  122.360886,   22.763162,    1902.384
    5741.912,     629.088,       3.988,      10.149,       5.458,57823,  136,  252.309600,  118.809585,   22.319809,    1897.551
    5751.917,     619.083,       3.978,      10.104,       5.436,57823,  132,  249.354817,  117.516306,   21.930692,    1892.669
    5761.922,     609.078,       3.965,      10.078,       5.425,57823,  131,  247.071375,  116.692172,   21.535034,    1887.735
    5771.926,     599.074,       3.952,      10.052,       5.412,57823,  131,  244.942531,  115.766378,   21.140574,    1882.748
    5781.931,     589.069,       3.937,      10.029,       5.400,57823,  129,  242.924737,  114.797613,   20.747332,    1877.709
    5791.936,     579.064,       3.926,      10.006,       5.385,57823,  129,  241.245220,  113.829615,   20.355478,    1872.620
    5801.941,     569.059,       3.918,       9.981,       5.370,57823,  128,  239.714490,  112.988800,   19.963151,    1867.483
    5811.945,     559.055,       3.909,       9.952,       5.346,57823,  128,  238.138575,  111.712622,   19.573249,    1862.303
    5821.950,     549.050,       3.895,       9.912,       5.322,57823,  127,  235.584737,  110.331001,   19.182965,    1857.082
    5831.955,     539.045,       3.881,       9.863,       5.293,57823,  127,  232.563504,  108.722576,   18.790628,    1851.827
    5841.960,     529.040,       3.860,       9.809,       5.264,57823,  128,  228.705829,  106.971413,   18.405779,    1846.542
    5851.965,     519.035,       3.840,       9.754,       5.238,57823,  128,  224.884112,  105.356208,   18.023052,    1841.234
    5861.969,     509.031,       3.828,       9.704,       5.214,57823,  128,  221.728260,  104.056320,   17.643997,    1835.908
    5871.974,     499.026,       3.818,       9.662,       5.192,57823,  128,  219.197536,  102.949446,   17.263121,    1830.630
    5881.979,     489.021,       3.812,       9.627,       5.172,57823,  130,  217.303438,  101.991949,   16.883924,    1825.259
    5891.984,     479.016,       3.804,       9.596,       5.153,57823,  130,  215.593364,  101.022641,   16.505303,    1819.854
    5901.989,     469.011,       3.795,       9.566,       5.134,57823,  129,  213.914229,  100.038465,   16.117712,    1814.453
    5911.993,     459.007,       3.785,       9.529,       5.115,57823,  128,  211.673152,   99.057280,   15.749031,    1809.083
    5921.998,     449.002,       3.773,       9.492,       5.097,57823,  129,  209.256568,   98.026732,   15.365358,    1803.756
    5932.003,     438.997,       3.760,       9.427,       5.080,57823,  128,  204.823167,   97.020912,   15.000008,    1798.474
    5942.008,     428.992,       3.746,       9.391,       5.063,57823,  129,  202.293403,   96.009184,   14.617084,    1793.232
    5952.012,     418.988,       3.723,       9.296,       5.011,57823,  130,  197.054061,   93.489576,   14.241565,    1788.016
    5962.017,     408.983,       3.686,       9.153,       4.926,57823,  131,  189.541190,   89.421042,   13.863134,    1782.808
    5972.022,     398.978,       3.638,       8.957,       4.806,57823,  128,  179.861871,   84.022121,   13.506339,    1777.587
    5982.027,     388.973,       3.604,       8.852,       4.723,57823,  128,  175.213652,   80.384058,   13.150614,    1772.328
    5992.032,     378.968,       3.580,       8.785,       4.676,57823,  131,  171.917606,   78.277824,   12.797073,    1766.998
    6002.036,     368.964,       3.561,       8.745,       4.667,57823,  129,  168.902431,   77.553824,   12.443268,    1761.556
    6012.041,     358.959,       3.548,       8.718,       4.658,57823,  129,  167.014680,   76.982994,   12.090952,    1755.957
    6022.046,     348.954,       3.538,       8.691,       4.649,57823,  129,  165.272362,   76.472819,   11.739198,    1750.197
    6032.051,     338.949,       3.529,       8.663,       4.639,57823,  130,  163.589768,   75.961754,   11.388603,    1744.326
    6042.055,     328.945,       3.521,       8.635,       4.628,57823,  132,  161.942572,   75.412161,   11.039309,    1738.477
    6052.060,     318.940,       3.512,       8.606,       4.616,57823,  130,  160.288200,   74.837866,   10.689582,    1732.867
    6062.065,     308.935,       3.503,       8.576,       4.604,57823,  134,  158.594437,   74.238488,   10.342098,    1727.726
    6072.070,     298.930,       3.493,       8.545,       4.591,57823,  134,  156.872465,   73.634257,    9.995648,    1723.591
    6082.074,     288.926,       3.484,       8.513,       4.579,57823,  136,  155.089705,   73.038006,    9.650970,    1719.712
    6092.079,     278.921,       3.475,       8.480,       4.567,57823,  138,  153.246247,   72.491009,    9.306328,    1716.086
    6102.084,     268.916,       3.466,       8.448,       4.557,57823,  140,  151.417649,   71.962420,    8.962839,    1712.714
    6112.089,     258.911,       3.457,       8.418,       4.547,57823,  142,  149.650219,   71.497786,    8.620919,    1709.597
    6122.093,     248.907,       3.449,       8.388,       4.538,57823,  144,  147.939725,   71.037642,    8.279922,    1706.734
    6132.098,     238.902,       3.441,       8.359,       4.529,57823,  147,  146.292613,   70.581911,    7.938808,    1704.125
    6142.103,     228.897,       3.432,       8.324,       4.499,57823,  149,  145.194847,   69.468562,    7.599969,    1701.770
    6152.108,     218.892,       3.424,       8.292,       4.485,57823,  160,  143.621390,   68.857475,    7.261682,    1699.670
    6162.113,     208.887,       3.415,       8.264,       4.474,57823,  163,  142.105379,   68.354329,    6.923884,    1697.824
    6172.117,     198.883,       3.407,       8.246,       4.471,57823,  166,  140.843042,   68.104154,    6.587184,    1696.233
    6182.122,     188.878,       3.398,       8.228,       4.469,57823,  161,  139.608534,   67.860509,    6.252196,    1694.895
    6187.217,     183.783,       3.393,       8.219,       4.467,57823,  157,  138.920653,   67.706250,    6.081796,    1694.312
    6192.312,     178.688,       3.388,       8.210,       4.466,57823,  159,  138.273581,   67.572088,    5.911485,    1694.872
    6197.408,     173.592,       3.384,       8.202,       4.465,57823,  161,  137.670506,   67.456518,    5.742329,    1684.397
    6202.503,     168.497,       3.383,       8.194,       4.464,57823,  165,  137.226118,   67.401359,    5.572586,    1669.218
    6207.598,     163.402,       3.381,       8.187,       4.463,57823,  164,  136.856038,   67.356492,    5.402919,    1649.274
    6212.693,     158.307,       3.380,       8.182,       4.462,57823,  163,  136.562678,   67.312316,    5.234980,    1624.667
    6217.788,     153.212,       3.379,       8.179,       4.462,57823,  152,  136.351167,   67.277035,    5.065461,    1595.884
    6222.883,     148.117,       3.378,       8.178,       4.462,57823,  137,  136.247191,   67.246727,    4.895354,    1563.648
    6227.979,     143.021,       3.377,       8.180,       4.462,57823,  133,  136.266014,   67.235667,    4.725768,    1528.495
    6233.074,     137.926,       3.375,       8.183,       4.465,57823,  133,  136.293812,   67.275894,    4.556521,    1489.719
    6238.169,     132.831,       3.374,       8.187,       4.470,57823,  131,  136.254736,   67.405459,    4.384448,    1445.556
    6243.264,     127.736,       3.372,       8.192,       4.476,57823,  130,  136.253435,   67.554635,    4.215384,    1399.246
    6248.359,     122.641,       3.371,       8.198,       4.482,57823,  131,  136.300216,   67.711599,    4.046191,    1351.117
    6253.454,     117.546,       3.371,       8.204,       4.487,57823,  134,  136.373772,   67.879908,    3.878316,    1302.668
    6258.549,     112.451,       3.371,       8.209,       4.493,57823,  145,  136.450750,   68.047505,    3.709046,    1254.442
    6263.645,     107.355,       3.371,       8.215,       4.499,57823,  178,  136.533245,   68.214606,    3.539481,    1207.040
    6268.740,     102.260,       3.370,       8.221,       4.504,57823,  254,  136.622474,   68.381217,    3.370581,    1160.880
    6273.835,      97.165,       3.370,       8.227,       4.510,57823,  532,  136.719130,   68.547445,    3.201540,    1116.077
    6278.930,      92.070,       3.370,       8.237,       4.515,57823,  559,  137.008868,   68.703572,    3.032527,    1072.403
    6284.025,      86.975,       3.369,       8.247,       4.520,57823,  550,  137.358983,   68.847497,    2.863781,    1029.206
    6289.120,      81.880,       3.369,       8.258,       4.525,57823,  588,  137.767586,   68.978710,    2.694771,     984.927
    6294.216,      76.784,       3.369,       8.267,       4.529,57823,  588,  138.045157,   69.107696,    2.525781,     940.623
    6299.311,      71.689,       3.368,       8.275,       4.534,57823,  588,  138.321767,   69.237058,    2.356923,     896.275
    6304.406,      66.594,       3.368,       8.284,       4.538,57823,  588,  138.597224,   69.367261,    2.188544,     851.927
    6309.501,      61.499,       3.367,       8.292,       4.543,57823,  588,  138.871152,   69.498822,    2.019564,     807.580
    6314.596,      56.404,       3.367,       8.301,       4.548,57823,  588,  139.145016,   69.630485,    1.850543,     763.232
    6319.691,      51.309,       3.367,       8.309,       4.552,57823,  588,  139.418418,   69.762383,    1.681782,     718.884
    6324.786,      46.214,       3.366,       8.318,       4.557,57823,  587,  139.691342,   69.894515,    1.513135,     674.536
    6329.882,      41.118,       3.366,       8.326,       4.561,57823,  588,  139.963859,   70.026947,    1.344833,     630.179
    6334.977,      36.023,       3.366,       8.334,       4.566,57823,  587,  140.235902,   70.159648,    1.177729,     585.830
    6340.072,      30.928,       3.316,       7.902,       4.364,57823,  588,  122.883625,   63.141403,    1.009689,     541.481
    6345.167,      25.833,       3.252,       7.509,       4.146,57823,  587,  108.824917,   55.904684,    0.841672,     497.131
    6350.262,      20.738,       3.190,       7.107,       3.914,57823,  588,   95.966645,   48.868873,    0.674460,     452.781
    6350.262,      20.738,       3.190,       7.107,       3.914,57823,  588,   95.966645,   48.868873,    0.674460,     452.781
    6357.249,      13.751,       2.602,       5.797,       3.193,57823,  587,   52.070037,   26.528038,    0.445683,     391.960
    6357.249,      13.751,       2.602,       5.797,       3.193,57823,  587,   52.070037,   26.528038,    0.445683,     391.960
    6371.000,       0.000,       2.604,       5.800,       3.194,57823,  587,   52.157373,   26.568276,    0.002847,     272.639
