radius[km],depth[km],density[g/cm**3],vp[km/s],vs[km/s],qkappa,qmu,K[GPa],mu[GPa],pressure[GPa],temperature[K]
       0.000,    6371.000,      13.182,      11.338,       3.717, 1405,  155, 1451.644629,  182.146112,  373.315623,       0.000
      31.320,    6339.680,      13.180,      11.336,       3.716, 1405,  155, 1450.946989,  181.969777,  373.297552,       0.000
      62.641,    6308.359,      13.177,      11.334,       3.714, 1405,  155, 1450.232002,  181.789837,  373.226929,       0.000
      93.962,    6277.038,      13.174,      11.332,       3.713, 1405,  155, 1449.499628,  181.606439,  373.108201,       0.000
     125.282,    6245.718,      13.171,      11.330,       3.711, 1405,  155, 1448.751188,  181.419754,  372.941771,       0.000
     156.603,    6214.397,      13.168,      11.328,       3.710, 1405,  155, 1447.988737,  181.230037,  372.727739,       0.000
     187.923,    6183.077,      13.165,      11.325,       3.708, 1405,  155, 1447.214717,  181.037511,  372.466162,       0.000
     219.244,    6151.756,      13.162,      11.323,       3.707, 1405,  155, 1446.432302,  180.842229,  372.157090,       0.000
     250.564,    6120.436,      13.159,      11.321,       3.705, 1405,  155, 1445.646160,  180.643878,  371.800573,       0.000
     281.885,    6089.115,      13.155,      11.319,       3.704, 1405,  155, 1444.850104,  180.439672,  371.396669,       0.000
     313.205,    6057.795,      13.151,      11.316,       3.701, 1405,  155, 1443.803648,  180.183292,  370.945439,       0.000
     344.526,    6026.474,      13.147,      11.313,       3.699, 1405,  155, 1442.651103,  179.899560,  370.446952,       0.000
     375.846,    5995.154,      13.142,      11.309,       3.697, 1405,  155, 1441.389623,  179.589443,  369.901286,       0.000
     407.167,    5963.833,      13.137,      11.305,       3.694, 1405,  155, 1440.017199,  179.255297,  369.308522,       0.000
     438.487,    5932.513,      13.131,      11.301,       3.691, 1405,  155, 1438.536767,  178.895880,  368.668753,       0.000
     469.808,    5901.192,      13.125,      11.297,       3.688, 1405,  155, 1436.948469,  178.508947,  367.982075,       0.000
     501.128,    5869.872,      13.118,      11.292,       3.685, 1405,  155, 1435.257993,  178.094447,  367.248594,       0.000
     532.449,    5838.551,      13.111,      11.287,       3.681, 1405,  155, 1433.472350,  177.653024,  366.468423,       0.000
     563.769,    5807.231,      13.104,      11.282,       3.677, 1405,  155, 1431.586840,  177.185536,  365.641680,       0.000
     595.090,    5775.910,      13.096,      11.276,       3.673, 1405,  155, 1429.593474,  176.694773,  364.768494,       0.000
     626.410,    5744.590,      13.088,      11.270,       3.669, 1405,  155, 1427.486256,  176.181903,  363.848998,       0.000
     657.731,    5713.269,      13.080,      11.264,       3.665, 1405,  155, 1425.260821,  175.646592,  362.883334,       0.000
     689.051,    5681.949,      13.071,      11.257,       3.660, 1405,  155, 1422.922785,  175.083505,  361.871651,       0.000
     720.372,    5650.628,      13.061,      11.250,       3.655, 1405,  155, 1420.478723,  174.490027,  360.814105,       0.000
     751.692,    5619.308,      13.051,      11.243,       3.650, 1405,  155, 1417.925310,  173.869722,  359.710859,       0.000
     783.013,    5587.987,      13.041,      11.236,       3.645, 1405,  155, 1415.254564,  173.229001,  358.562084,       0.000
     814.333,    5556.667,      13.030,      11.228,       3.639, 1405,  155, 1412.469098,  172.566852,  357.367956,       0.000
     845.654,    5525.346,      13.018,      11.220,       3.634, 1405,  155, 1409.573773,  171.877868,  356.128661,       0.000
     876.974,    5494.026,      13.007,      11.211,       3.628, 1405,  155, 1406.578564,  171.157976,  354.844391,       0.000
     908.295,    5462.705,      12.995,      11.202,       3.621, 1405,  155, 1403.484108,  170.409646,  353.515344,       0.000
     939.615,    5431.385,      12.982,      11.193,       3.615, 1405,  155, 1400.283181,  169.639952,  352.141726,       0.000
     970.936,    5400.064,      12.968,      11.183,       3.608, 1405,  155, 1396.840015,  168.822875,  350.723751,       0.000
    1002.256,    5368.744,      12.955,      11.174,       3.601, 1405,  155, 1393.376086,  168.010321,  349.261638,       0.000
    1033.577,    5337.423,      12.941,      11.164,       3.594, 1405,  155, 1389.907536,  167.200396,  347.755613,       0.000
    1064.897,    5306.103,      12.928,      11.154,       3.588, 1405,  155, 1386.434846,  166.391443,  346.205911,       0.000
    1096.218,    5274.782,      12.914,      11.144,       3.581, 1405,  155, 1382.956235,  165.582673,  344.612773,       0.000
    1127.539,    5243.461,      12.900,      11.134,       3.574, 1405,  155, 1379.469972,  164.773654,  342.976446,       0.000
    1158.859,    5212.141,      12.887,      11.124,       3.567, 1405,  155, 1375.974305,  163.964151,  341.297184,       0.000
    1190.179,    5180.820,      12.873,      11.114,       3.560, 1405,  155, 1372.467611,  163.154116,  339.575248,       0.000
    1221.500,    5149.500,      12.859,      11.104,       3.553, 1405,  155, 1368.949360,  162.343764,  337.810907,       0.000
    1221.500,    5149.500,      12.422,      10.395,       0.000,57823,    0, 1342.323001,    0.000000,  337.806608,       0.000
    1279.410,    5091.590,      12.387,      10.357,       0.000,57823,    0, 1328.677253,    0.000000,  334.549263,       0.000
    1337.321,    5033.680,      12.352,      10.318,       0.000,57823,    0, 1315.054160,    0.000000,  330.854784,       0.000
    1395.231,    4975.769,      12.316,      10.280,       0.000,57823,    0, 1301.456067,    0.000000,  326.167154,       0.000
    1453.141,    4917.859,      12.280,      10.241,       0.000,57823,    0, 1287.887656,    0.000000,  322.152581,       0.000
    1511.051,    4859.949,      12.244,      10.202,       0.000,57823,    0, 1274.355227,    0.000000,  318.168193,       0.000
    1568.961,    4802.039,      12.208,      10.163,       0.000,57823,    0, 1260.865363,    0.000000,  313.850994,       0.000
    1626.872,    4744.128,      12.172,      10.123,       0.000,57823,    0, 1247.424320,    0.000000,  309.630941,       0.000
    1684.782,    4686.218,      12.136,      10.084,       0.000,57823,    0, 1234.036881,    0.000000,  305.204010,       0.000
    1742.692,    4628.308,      12.099,      10.044,       0.000,57823,    0, 1220.658255,    0.000000,  300.772925,       0.000
    1800.603,    4570.397,      12.060,      10.002,       0.000,57823,    0, 1206.328152,    0.000000,  296.217510,       0.000
    1858.513,    4512.487,      12.018,       9.957,       0.000,57823,    0, 1191.623747,    0.000000,  291.861039,       0.000
    1916.423,    4454.577,      11.975,       9.912,       0.000,57823,    0, 1176.537547,    0.000000,  287.130836,       0.000
    1974.333,    4396.667,      11.931,       9.865,       0.000,57823,    0, 1161.065395,    0.000000,  282.245360,       0.000
    2032.244,    4338.756,      11.884,       9.816,       0.000,57823,    0, 1145.205407,    0.000000,  277.480338,       0.000
    2090.154,    4280.846,      11.836,       9.766,       0.000,57823,    0, 1128.959216,    0.000000,  272.508609,       0.000
    2148.064,    4222.936,      11.787,       9.715,       0.000,57823,    0, 1112.329708,    0.000000,  267.438732,       0.000
    2205.974,    4165.026,      11.735,       9.661,       0.000,57823,    0, 1095.321600,    0.000000,  262.349698,       0.000
    2263.885,    4107.115,      11.681,       9.606,       0.000,57823,    0, 1077.938433,    0.000000,  257.202390,       0.000
    2321.795,    4049.205,      11.626,       9.549,       0.000,57823,    0, 1060.186823,    0.000000,  251.881127,       0.000
    2379.705,    3991.295,      11.569,       9.491,       0.000,57823,    0, 1042.075061,    0.000000,  246.593319,       0.000
    2437.615,    3933.385,      11.510,       9.431,       0.000,57823,    0, 1023.610383,    0.000000,  241.148935,       0.000
    2495.526,    3875.474,      11.448,       9.368,       0.000,57823,    0, 1004.800277,    0.000000,  235.674902,       0.000
    2553.436,    3817.564,      11.385,       9.305,       0.000,57823,    0,  985.656752,    0.000000,  230.082249,       0.000
    2611.346,    3759.654,      11.320,       9.239,       0.000,57823,    0,  966.187157,    0.000000,  224.512255,       0.000
    2669.256,    3701.744,      11.252,       9.171,       0.000,57823,    0,  946.391943,    0.000000,  218.894199,       0.000
    2727.167,    3643.833,      11.182,       9.101,       0.000,57823,    0,  926.270679,    0.000000,  213.216199,       0.000
    2785.077,    3585.923,      11.110,       9.029,       0.000,57823,    0,  905.830031,    0.000000,  207.451185,       0.000
    2842.987,    3528.013,      11.036,       8.955,       0.000,57823,    0,  885.089609,    0.000000,  201.704846,       0.000
    2900.897,    3470.103,      10.959,       8.880,       0.000,57823,    0,  864.086747,    0.000000,  195.849372,       0.000
    2958.808,    3412.192,      10.880,       8.802,       0.000,57823,    0,  842.871363,    0.000000,  189.966451,       0.000
    3016.718,    3354.282,      10.796,       8.719,       0.000,57823,    0,  820.800884,    0.000000,  184.009193,       0.000
    3074.628,    3296.372,      10.712,       8.637,       0.000,57823,    0,  799.021042,    0.000000,  178.007661,       0.000
    3132.539,    3238.461,      10.627,       8.554,       0.000,57823,    0,  777.577558,    0.000000,  171.988334,       0.000
    3190.449,    3180.551,      10.543,       8.471,       0.000,57823,    0,  756.467420,    0.000000,  165.940355,       0.000
    3248.359,    3122.641,      10.458,       8.387,       0.000,57823,    0,  735.683263,    0.000000,  159.844313,       0.000
    3306.269,    3064.731,      10.372,       8.304,       0.000,57823,    0,  715.217543,    0.000000,  153.724047,       0.000
    3364.180,    3006.820,      10.287,       8.220,       0.000,57823,    0,  695.062953,    0.000000,  147.612673,       0.000
    3422.090,    2948.910,      10.201,       8.136,       0.000,57823,    0,  675.215509,    0.000000,  141.459729,       0.000
    3480.000,    2891.000,      10.114,       8.051,       0.000,57823,    0,  655.674330,    0.000000,  135.320945,       0.000
    3480.000,    2891.000,       5.564,      14.048,       7.545,57823,57827,  675.668992,  316.722427,  135.317105,    2762.425
    3485.014,    2885.986,       5.561,      14.042,       7.542,57823,57202,  674.703931,  316.351118,  135.019251,    2760.743
    3490.029,    2880.971,       5.559,      14.035,       7.539,57823,56583,  673.739342,  315.980356,  134.722917,    2759.061
    3495.043,    2875.957,       5.556,      14.029,       7.537,57823,55967,  672.775628,  315.610271,  134.422905,    2757.379
    3500.057,    2870.943,       5.554,      14.023,       7.534,57823,55357,  671.812633,  315.240748,  134.124316,    2755.698
    3505.071,    2865.929,       5.551,      14.017,       7.531,57823,54751,  670.850404,  314.871742,  133.822964,    2754.018
    3510.086,    2860.914,       5.549,      14.011,       7.529,57823,54150,  669.888802,  314.503129,  133.524229,    2752.337
    3515.100,    2855.900,       5.546,      14.005,       7.526,57823,53554,  668.928256,  314.135038,  133.219979,    2750.657
    3520.114,    2850.886,       5.543,      13.999,       7.523,57823,52962,  667.968056,  313.768093,  132.921637,    2748.977
    3525.129,    2845.871,       5.541,      13.993,       7.521,57823,52375,  667.001966,  313.405551,  132.622888,    2747.298
    3530.143,    2840.857,       5.538,      13.987,       7.518,57823,51793,  666.029049,  313.044567,  132.331440,    2745.619
    3535.157,    2835.843,       5.536,      13.980,       7.516,57823,51215,  665.046622,  312.684558,  132.032392,    2743.940
    3540.171,    2830.829,       5.533,      13.974,       7.513,57823,50641,  664.054272,  312.325137,  131.734594,    2742.262
    3545.186,    2825.814,       5.531,      13.968,       7.510,57823,50072,  663.052532,  311.966052,  131.436839,    2740.583
    3550.200,    2820.800,       5.528,      13.961,       7.508,57823,49508,  662.042771,  311.607483,  131.141431,    2738.905
    3555.214,    2815.786,       5.526,      13.955,       7.505,57823,48948,  661.025838,  311.249650,  130.845577,    2737.228
    3560.229,    2810.771,       5.523,      13.948,       7.503,57823,48393,  660.002677,  310.892856,  130.549083,    2735.550
    3565.243,    2805.757,       5.520,      13.942,       7.500,57823,47842,  658.974974,  310.537292,  130.252408,    2733.873
    3570.257,    2800.743,       5.518,      13.935,       7.498,57823,47296,  657.944171,  310.182859,  129.958760,    2732.197
    3575.271,    2795.729,       5.515,      13.929,       7.495,57823,46754,  656.912463,  309.829853,  129.662201,    2730.521
    3580.286,    2790.714,       5.513,      13.922,       7.493,57823,46216,  655.881182,  309.478830,  129.366703,    2728.845
    3585.300,    2785.700,       5.510,      13.916,       7.490,57823,45683,  654.850341,  309.130777,  129.071694,    2727.170
    3590.314,    2780.686,       5.508,      13.909,       7.488,57823,45154,  653.830377,  308.777334,  128.776084,    2725.497
    3595.329,    2775.671,       5.505,      13.903,       7.484,57823,44630,  652.869749,  308.381387,  128.487317,    2723.825
    3600.343,    2770.657,       5.503,      13.896,       7.481,57823,44110,  651.934507,  307.967630,  128.192526,    2722.155
    3605.357,    2765.643,       5.500,      13.890,       7.478,57823,43594,  650.981549,  307.567155,  127.902134,    2720.489
    3610.371,    2760.629,       5.497,      13.883,       7.475,57823,43082,  650.023438,  307.168022,  127.604336,    2718.827
    3615.386,    2755.614,       5.495,      13.876,       7.472,57823,42575,  649.055459,  306.772331,  127.308542,    2717.171
    3620.400,    2750.600,       5.492,      13.870,       7.469,57823,42072,  648.077059,  306.379967,  127.018282,    2715.523
    3625.414,    2745.586,       5.490,      13.863,       7.466,57823,41574,  647.102919,  305.979314,  126.728672,    2713.873
    3630.429,    2740.571,       5.487,      13.856,       7.462,57823,41079,  646.142483,  305.564118,  126.436872,    2712.211
    3635.443,    2735.557,       5.485,      13.849,       7.459,57823,40589,  645.195196,  305.137230,  126.147055,    2710.516
    3640.457,    2730.543,       5.482,      13.842,       7.455,57823,40103,  644.242360,  304.713176,  125.856872,    2708.765
    3645.471,    2725.529,       5.480,      13.836,       7.452,57823,39621,  643.280693,  304.291034,  125.567051,    2706.933
    3650.486,    2720.514,       5.478,      13.829,       7.448,57823,39143,  642.305648,  303.886613,  125.276251,    2704.991
    3655.500,    2715.500,       5.475,      13.821,       7.445,57823,38669,  641.319630,  303.496627,  124.984583,    2702.915
    3660.514,    2710.486,       5.473,      13.815,       7.442,57823,38200,  640.370731,  303.126525,  124.695695,    2700.680
    3665.529,    2705.471,       5.471,      13.810,       7.439,57823,37735,  639.685853,  302.756650,  124.407679,    2698.261
    3670.543,    2700.457,       5.469,      13.805,       7.436,57823,37273,  639.057182,  302.386238,  124.116991,    2695.592
    3675.557,    2695.443,       5.467,      13.800,       7.433,57823,36816,  638.345178,  302.015432,  123.830619,    2692.500
    3680.571,    2690.429,       5.464,      13.794,       7.430,57823,36363,  637.608225,  301.643848,  123.541685,    2688.763
    3685.586,    2685.414,       5.462,      13.789,       7.427,57823,35913,  636.858975,  301.271884,  123.253078,    2684.379
    3690.600,    2680.400,       5.460,      13.783,       7.424,57823,35468,  636.077794,  300.899036,  122.965617,    2679.754
    3695.614,    2675.386,       5.457,      13.778,       7.421,57823,35027,  635.238175,  300.525198,  122.677916,    2674.872
    3700.629,    2670.371,       5.455,      13.773,       7.418,57823,34590,  634.578127,  300.148654,  122.390440,    2671.282
    3705.643,    2665.357,       5.452,      13.769,       7.413,57823,34156,  634.246977,  299.625502,  122.103550,    2668.065
    3710.657,    2660.343,       5.449,      13.766,       7.406,57823,33727,  634.096426,  298.927372,  121.817178,    2665.004
    3715.671,    2655.329,       5.446,      13.764,       7.399,57823,33301,  634.228883,  298.113767,  121.530750,    2662.213
    3720.686,    2650.314,       5.442,      13.764,       7.391,57823,32880,  634.624764,  297.296859,  121.246346,    2659.497
    3725.700,    2645.300,       5.438,      13.764,       7.384,57823,32462,  634.840344,  296.471756,  120.959267,    2656.813
    3730.714,    2640.286,       5.433,      13.763,       7.375,57823,32048,  635.055109,  295.531917,  120.674729,    2654.177
    3735.729,    2635.271,       5.428,      13.761,       7.365,57823,31638,  635.359317,  294.452985,  120.388383,    2651.543
    3740.743,    2630.257,       5.422,      13.760,       7.353,57823,31232,  635.751384,  293.182183,  120.102697,    2648.952
    3745.757,    2625.243,       5.416,      13.759,       7.339,57823,30829,  636.271821,  291.740061,  119.820652,    2646.298
    3750.771,    2620.229,       5.409,      13.758,       7.325,57823,30431,  636.883497,  290.267356,  119.533852,    2643.580
    3755.786,    2615.214,       5.403,      13.758,       7.311,57823,30036,  637.655917,  288.833785,  119.250676,    2640.963
    3760.800,    2610.200,       5.398,      13.758,       7.297,57823,29645,  638.442367,  287.388056,  118.968040,    2638.096
    3765.814,    2605.186,       5.392,      13.757,       7.283,57823,29257,  639.200730,  285.962490,  118.686673,    2635.033
    3770.829,    2600.171,       5.386,      13.757,       7.269,57823,28873,  639.890203,  284.594362,  118.404335,    2632.251
    3775.843,    2595.157,       5.380,      13.756,       7.257,57823,28493,  640.351121,  283.389256,  118.124099,    2628.855
    3780.857,    2590.143,       5.375,      13.756,       7.247,57823,28117,  640.695391,  282.260871,  117.844888,    2625.112
    3785.871,    2585.129,       5.370,      13.755,       7.237,57823,27744,  640.970369,  281.243225,  117.564119,    2622.198
    3790.886,    2580.114,       5.365,      13.754,       7.228,57823,27375,  641.135638,  280.302390,  117.284789,    2618.302
    3795.900,    2575.100,       5.361,      13.750,       7.220,57823,27009,  640.813872,  279.469467,  117.006860,    2614.368
    3800.914,    2570.086,       5.356,      13.743,       7.214,57823,26647,  639.982726,  278.737563,  116.727116,    2611.885
    3805.929,    2565.071,       5.352,      13.737,       7.209,57823,26289,  639.087552,  278.143698,  116.448828,    2608.665
    3810.943,    2560.057,       5.348,      13.732,       7.204,57823,25934,  638.296776,  277.564981,  116.171499,    2605.909
    3815.957,    2555.043,       5.344,      13.727,       7.199,57823,25583,  637.723203,  276.966347,  115.891749,    2604.112
    3820.971,    2550.029,       5.341,      13.723,       7.193,57823,25235,  637.283217,  276.333059,  115.613994,    2602.077
    3825.986,    2545.014,       5.338,      13.718,       7.187,57823,24891,  636.782362,  275.744624,  115.337134,    2600.316
    3831.000,    2540.000,       5.335,      13.713,       7.183,57823,24550,  636.297353,  275.263810,  115.059662,    2598.798
    3841.005,    2529.995,       5.331,      13.703,       7.176,57823,23880,  634.974193,  274.522664,  114.507973,    2595.771
    3851.010,    2519.990,       5.326,      13.692,       7.171,57823,23224,  633.288197,  273.915488,  113.958269,    2592.859
    3861.014,    2509.986,       5.321,      13.681,       7.167,57823,22581,  631.418486,  273.366339,  113.405866,    2589.970
    3871.019,    2499.981,       5.317,      13.669,       7.163,57823,21952,  629.545785,  272.817849,  112.858717,    2587.092
    3881.024,    2489.976,       5.312,      13.657,       7.159,57823,21336,  627.677585,  272.261610,  112.312135,    2584.242
    3891.029,    2479.971,       5.307,      13.645,       7.155,57823,20733,  625.801258,  271.705278,  111.766990,    2581.411
    3901.033,    2469.967,       5.302,      13.633,       7.151,57823,20142,  623.917599,  271.151725,  111.219730,    2578.589
    3911.038,    2459.962,       5.297,      13.621,       7.147,57823,19565,  622.022054,  270.611359,  110.675866,    2575.794
    3921.043,    2449.957,       5.293,      13.609,       7.143,57823,19000,  620.118064,  270.077693,  110.130921,    2573.008
    3931.048,    2439.952,       5.288,      13.597,       7.140,57823,18447,  618.210297,  269.547348,  109.587820,    2570.222
    3941.052,    2429.948,       5.283,      13.585,       7.136,57823,17907,  616.295497,  269.023323,  109.046415,    2567.451
    3951.057,    2419.943,       5.278,      13.573,       7.132,57823,17379,  614.377033,  268.503945,  108.502739,    2564.686
    3961.062,    2409.938,       5.274,      13.561,       7.129,57823,16863,  612.455658,  267.989810,  107.963614,    2561.920
    3971.067,    2399.933,       5.269,      13.549,       7.125,57823,16358,  610.535392,  267.478692,  107.424118,    2559.166
    3981.072,    2389.928,       5.264,      13.537,       7.122,57823,15866,  608.620174,  266.968087,  106.883342,    2556.415
    3991.076,    2379.924,       5.259,      13.525,       7.118,57823,15385,  606.713914,  266.455335,  106.345383,    2553.661
    4001.081,    2369.919,       5.254,      13.513,       7.114,57823,14915,  604.819128,  265.937812,  105.807939,    2550.911
    4011.086,    2359.914,       5.250,      13.501,       7.111,57823,14456,  602.934992,  265.415591,  105.271591,    2548.157
    4021.091,    2349.909,       5.245,      13.489,       7.107,57823,14009,  601.058516,  264.889976,  104.736705,    2545.397
    4031.095,    2339.905,       5.240,      13.477,       7.103,57823,13573,  599.188467,  264.361191,  104.201641,    2542.634
    4041.100,    2329.900,       5.235,      13.464,       7.099,57823,13147,  597.327768,  263.825983,  103.667214,    2539.864
    4051.105,    2319.895,       5.230,      13.452,       7.095,57823,12732,  595.481956,  263.279973,  103.136327,    2537.092
    4061.110,    2309.890,       5.226,      13.440,       7.091,57823,12327,  593.648167,  262.725021,  102.604823,    2534.312
    4071.115,    2299.885,       5.221,      13.428,       7.086,57823,11933,  591.818532,  262.166633,  102.076558,    2531.528
    4081.119,    2289.881,       5.216,      13.416,       7.082,57823,11549,  589.988872,  261.607429,  101.547733,    2528.749
    4091.124,    2279.876,       5.211,      13.404,       7.078,57823,11175,  588.156806,  261.047803,  101.019807,    2525.959
    4101.129,    2269.871,       5.206,      13.391,       7.073,57823,10811,  586.321181,  260.487848,  100.492681,    2523.167
    4111.134,    2259.866,       5.201,      13.379,       7.069,57823,10457,  584.481455,  259.927542,   99.971416,    2520.382
    4121.139,    2249.861,       5.197,      13.367,       7.065,57823,10112,  582.638072,  259.366842,   99.448108,    2517.597
    4131.143,    2239.857,       5.192,      13.354,       7.060,57823, 9776,  580.792731,  258.805688,   98.921952,    2514.811
    4141.148,    2229.852,       5.187,      13.342,       7.056,57823, 9450,  578.949036,  258.243780,   98.397574,    2512.024
    4151.153,    2219.847,       5.182,      13.329,       7.052,57823, 9134,  577.115228,  257.680941,   97.871857,    2509.235
    4161.158,    2209.842,       5.177,      13.317,       7.047,57823, 8826,  575.298416,  257.116878,   97.346957,    2506.443
    4171.162,    2199.838,       5.172,      13.305,       7.043,57823, 8527,  573.498875,  256.551274,   96.827494,    2503.650
    4181.167,    2189.833,       5.167,      13.293,       7.038,57823, 8237,  571.713426,  255.983574,   96.306933,    2500.852
    4191.172,    2179.828,       5.162,      13.281,       7.034,57823, 7955,  569.942176,  255.413371,   95.786177,    2498.051
    4201.177,    2169.823,       5.157,      13.268,       7.029,57823, 7681,  568.187745,  254.840402,   95.265148,    2495.244
    4211.181,    2159.819,       5.153,      13.256,       7.025,57823, 7416,  566.453380,  254.264879,   94.746453,    2492.433
    4221.186,    2149.814,       5.148,      13.245,       7.020,57823, 7160,  564.735446,  253.686901,   94.229335,    2489.615
    4231.191,    2139.809,       5.143,      13.232,       7.015,57823, 6911,  563.003796,  253.106512,   93.702695,    2486.792
    4241.196,    2129.804,       5.138,      13.220,       7.011,57823, 6669,  561.239718,  252.523680,   93.186909,    2483.963
    4251.201,    2119.799,       5.133,      13.208,       7.006,57823, 6436,  559.470284,  251.939894,   92.670357,    2481.128
    4261.205,    2109.795,       5.128,      13.195,       7.001,57823, 6210,  557.688796,  251.368904,   92.153998,    2478.289
    4271.210,    2099.790,       5.123,      13.183,       6.997,57823, 5991,  555.876331,  250.823007,   91.639512,    2475.446
    4281.215,    2089.785,       5.118,      13.170,       6.993,57823, 5780,  554.058252,  250.280512,   91.123433,    2472.598
    4291.220,    2079.780,       5.113,      13.157,       6.989,57823, 5576,  552.236349,  249.734347,   90.611704,    2469.746
    4301.224,    2069.776,       5.108,      13.145,       6.984,57823, 5378,  550.390469,  249.188829,   90.099055,    2466.891
    4311.229,    2059.771,       5.104,      13.132,       6.980,57823, 5187,  548.532411,  248.646369,   89.580030,    2464.030
    4321.234,    2049.766,       5.099,      13.119,       6.976,57823, 5003,  546.683664,  248.108404,   89.067780,    2461.164
    4331.239,    2039.761,       5.094,      13.106,       6.972,57823, 4826,  544.834478,  247.578674,   88.556373,    2458.293
    4341.243,    2029.757,       5.089,      13.093,       6.968,57823, 4655,  542.985068,  247.055856,   88.046425,    2455.416
    4351.248,    2019.752,       5.084,      13.081,       6.963,57823, 4490,  541.194885,  246.492375,   87.545732,    2452.533
    4361.253,    2009.747,       5.079,      13.068,       6.959,57823, 4331,  539.403852,  245.929616,   87.036320,    2449.644
    4371.258,    1999.742,       5.074,      13.055,       6.954,57823, 4178,  537.619169,  245.365665,   86.525795,    2446.748
    4381.263,    1989.737,       5.069,      13.042,       6.949,57823, 4030,  535.855802,  244.800871,   86.018127,    2443.847
    4391.267,    1979.733,       5.064,      13.030,       6.945,57823, 3888,  534.092805,  244.241197,   85.511260,    2440.941
    4401.272,    1969.728,       5.059,      13.017,       6.941,57823, 3752,  532.296946,  243.701432,   85.005192,    2438.029
    4411.277,    1959.723,       5.054,      13.004,       6.936,57823, 3621,  530.486769,  243.171775,   84.498310,    2435.111
    4421.282,    1949.718,       5.049,      12.992,       6.931,57823, 3495,  528.790907,  242.557354,   83.992331,    2432.188
    4431.287,    1939.713,       5.044,      12.979,       6.926,57823, 3374,  527.112706,  241.929024,   83.488491,    2429.257
    4441.291,    1929.709,       5.039,      12.966,       6.920,57823, 3258,  525.412742,  241.313013,   82.984394,    2426.320
    4451.296,    1919.704,       5.034,      12.953,       6.915,57823, 3146,  523.691682,  240.705825,   82.481589,    2423.374
    4461.301,    1909.699,       5.029,      12.940,       6.910,57823, 3040,  521.953881,  240.104857,   81.976337,    2420.420
    4471.306,    1899.694,       5.024,      12.927,       6.905,57823, 2937,  520.204494,  239.508365,   81.470084,    2417.457
    4481.310,    1889.690,       5.019,      12.914,       6.899,57823, 2839,  518.447320,  238.915659,   80.973918,    2414.485
    4491.315,    1879.685,       5.014,      12.901,       6.894,57823, 2745,  516.681034,  238.328038,   80.473130,    2411.502
    4501.320,    1869.680,       5.009,      12.887,       6.889,57823, 2654,  514.903124,  237.747415,   79.973129,    2408.508
    4511.325,    1859.675,       5.004,      12.874,       6.885,57823, 2568,  513.113707,  237.173448,   79.475242,    2405.503
    4521.329,    1849.671,       4.999,      12.860,       6.880,57823, 2485,  511.316503,  236.603100,   78.975665,    2402.488
    4531.334,    1839.666,       4.994,      12.847,       6.875,57823, 2405,  509.516435,  236.032983,   78.477953,    2399.461
    4541.339,    1829.661,       4.989,      12.833,       6.870,57823, 2329,  507.720054,  235.461360,   77.981027,    2396.424
    4551.344,    1819.656,       4.984,      12.820,       6.865,57823, 2256,  505.931999,  234.887432,   77.484217,    2393.376
    4561.349,    1809.651,       4.979,      12.807,       6.860,57823, 2185,  504.153300,  234.310906,   76.987733,    2390.318
    4571.353,    1799.647,       4.974,      12.793,       6.855,57823, 2117,  502.383396,  233.731819,   76.492285,    2387.252
    4581.358,    1789.642,       4.969,      12.780,       6.850,57823, 2052,  500.620825,  233.150227,   75.995058,    2384.176
    4591.363,    1779.637,       4.964,      12.766,       6.845,57823, 1989,  498.864171,  232.566490,   75.500884,    2381.092
    4601.368,    1769.632,       4.959,      12.753,       6.840,57823, 1928,  497.111152,  231.980911,   75.011024,    2378.000
    4611.373,    1759.627,       4.953,      12.739,       6.835,57823, 1869,  495.359536,  231.393732,   74.518168,    2374.899
    4621.377,    1749.623,       4.948,      12.726,       6.830,57823, 1812,  493.608246,  230.805283,   74.025915,    2371.790
    4631.382,    1739.618,       4.943,      12.712,       6.824,57823, 1756,  491.856736,  230.215689,   73.534445,    2368.673
    4641.387,    1729.613,       4.938,      12.698,       6.819,57823, 1702,  490.105768,  229.624901,   73.039291,    2365.547
    4651.392,    1719.608,       4.933,      12.685,       6.814,57823, 1649,  488.356652,  229.032401,   72.548914,    2362.414
    4661.396,    1709.604,       4.928,      12.671,       6.809,57823, 1597,  486.611264,  228.437714,   72.057487,    2359.273
    4671.401,    1699.599,       4.923,      12.657,       6.803,57823, 1546,  484.870650,  227.840433,   71.565811,    2356.124
    4681.406,    1689.594,       4.918,      12.643,       6.798,57823, 1496,  483.135778,  227.240468,   71.079307,    2352.969
    4691.411,    1679.589,       4.913,      12.630,       6.792,57823, 1447,  481.407050,  226.637684,   70.590448,    2349.808
    4701.415,    1669.585,       4.907,      12.616,       6.787,57823, 1397,  479.684793,  226.032148,   70.102707,    2346.640
    4711.420,    1659.580,       4.902,      12.602,       6.781,57823, 1348,  477.968474,  225.424002,   69.610506,    2343.466
    4721.425,    1649.575,       4.897,      12.588,       6.776,57823, 1299,  476.257678,  224.813783,   69.124419,    2340.286
    4731.430,    1639.570,       4.892,      12.574,       6.770,57823, 1250,  474.551413,  224.202214,   68.638018,    2337.100
    4741.435,    1629.565,       4.887,      12.561,       6.764,57823, 1200,  472.848262,  223.590228,   68.157289,    2333.909
    4751.439,    1619.561,       4.882,      12.547,       6.759,57823, 1152,  471.146536,  222.978842,   67.668869,    2330.711
    4761.444,    1609.556,       4.876,      12.533,       6.753,57823, 1108,  469.443745,  222.368765,   67.181804,    2327.508
    4771.449,    1599.551,       4.871,      12.519,       6.747,57823, 1067,  467.737758,  221.760804,   66.699898,    2324.299
    4781.454,    1589.546,       4.866,      12.505,       6.742,57823, 1031,  466.022630,  221.158335,   66.215999,    2321.084
    4791.458,    1579.542,       4.861,      12.491,       6.736,57823,  999,  464.283020,  220.571725,   65.732226,    2317.863
    4801.463,    1569.537,       4.856,      12.477,       6.731,57823,  969,  462.520473,  219.997533,   65.250663,    2314.637
    4811.468,    1559.532,       4.850,      12.463,       6.726,57823,  942,  460.747508,  219.424120,   64.771406,    2311.404
    4821.473,    1549.527,       4.845,      12.448,       6.721,57823,  917,  458.962079,  218.851160,   64.292887,    2308.166
    4831.477,    1539.523,       4.840,      12.434,       6.716,57823,  893,  457.161746,  218.280593,   63.808081,    2304.923
    4841.482,    1529.518,       4.834,      12.419,       6.711,57823,  870,  455.346030,  217.713653,   63.321993,    2301.673
    4851.487,    1519.513,       4.829,      12.404,       6.706,57823,  849,  453.515343,  217.151504,   62.842914,    2298.417
    4861.492,    1509.508,       4.824,      12.390,       6.701,57823,  828,  451.678786,  216.588274,   62.364818,    2295.154
    4871.497,    1499.503,       4.818,      12.375,       6.696,57823,  808,  449.855073,  216.011255,   61.886134,    2291.886
    4881.501,    1489.499,       4.813,      12.360,       6.690,57823,  790,  448.031119,  215.432683,   61.407878,    2288.610
    4891.506,    1479.494,       4.808,      12.345,       6.685,57823,  772,  446.212442,  214.850699,   60.919584,    2285.328
    4901.511,    1469.489,       4.802,      12.330,       6.680,57823,  754,  444.400759,  214.267006,   60.442679,    2282.038
    4911.516,    1459.484,       4.797,      12.315,       6.674,57823,  738,  442.590877,  213.688383,   59.966324,    2278.741
    4921.520,    1449.480,       4.792,      12.300,       6.669,57823,  721,  440.765456,  213.130163,   59.491173,    2275.436
    4931.525,    1439.475,       4.786,      12.285,       6.664,57823,  706,  438.954938,  212.569777,   59.015656,    2272.123
    4941.530,    1429.470,       4.781,      12.270,       6.658,57823,  691,  437.247151,  211.941173,   58.541409,    2268.801
    4951.535,    1419.465,       4.776,      12.256,       6.652,57823,  676,  435.569733,  211.297911,   58.076312,    2265.471
    4961.540,    1409.460,       4.770,      12.241,       6.645,57823,  661,  433.894862,  210.659680,   57.594599,    2262.133
    4971.544,    1399.456,       4.765,      12.226,       6.639,57823,  647,  432.219725,  210.026743,   57.122345,    2258.787
    4981.549,    1389.451,       4.759,      12.212,       6.633,57823,  633,  430.541731,  209.398167,   56.649746,    2255.432
    4991.554,    1379.446,       4.754,      12.197,       6.627,57823,  620,  428.859637,  208.773106,   56.177807,    2252.068
    5001.559,    1369.441,       4.749,      12.182,       6.621,57823,  606,  427.172487,  208.151197,   55.706629,    2248.696
    5011.564,    1359.436,       4.743,      12.167,       6.615,57823,  594,  425.478887,  207.532967,   55.240375,    2245.315
    5021.568,    1349.432,       4.738,      12.152,       6.609,57823,  581,  423.778008,  206.918973,   54.772132,    2241.926
    5031.573,    1339.427,       4.732,      12.137,       6.603,57823,  569,  422.069646,  206.308927,   54.301693,    2238.528
    5041.578,    1329.422,       4.727,      12.122,       6.597,57823,  557,  420.355437,  205.701888,   53.832431,    2235.120
    5051.583,    1319.417,       4.722,      12.107,       6.591,57823,  545,  418.638069,  205.096087,   53.363892,    2231.705
    5061.587,    1309.413,       4.716,      12.092,       6.585,57823,  534,  416.920731,  204.489675,   52.895336,    2228.280
    5071.592,    1299.408,       4.711,      12.077,       6.579,57823,  523,  415.205403,  203.881137,   52.427721,    2224.847
    5081.597,    1289.403,       4.705,      12.062,       6.573,57823,  513,  413.493357,  203.269893,   51.961166,    2221.405
    5091.602,    1279.398,       4.700,      12.046,       6.567,57823,  502,  411.784684,  202.655887,   51.490712,    2217.954
    5101.606,    1269.394,       4.694,      12.031,       6.561,57823,  492,  410.079211,  202.039384,   51.024903,    2214.494
    5111.611,    1259.389,       4.689,      12.016,       6.554,57823,  482,  408.376261,  201.420519,   50.559867,    2211.025
    5121.616,    1249.384,       4.683,      12.000,       6.548,57823,  473,  406.675764,  200.799524,   50.094440,    2207.547
    5131.621,    1239.379,       4.678,      11.985,       6.542,57823,  464,  404.976651,  200.176472,   49.630406,    2204.061
    5141.626,    1229.374,       4.672,      11.969,       6.535,57823,  455,  403.273257,  199.551505,   49.166720,    2200.564
    5151.630,    1219.370,       4.667,      11.954,       6.529,57823,  446,  401.553074,  198.925033,   48.703122,    2197.059
    5161.635,    1209.365,       4.661,      11.938,       6.523,57823,  438,  399.811867,  198.297323,   48.239976,    2193.545
    5171.640,    1199.360,       4.655,      11.921,       6.516,57823,  430,  398.061341,  197.668536,   47.777691,    2190.020
    5181.645,    1189.355,       4.650,      11.905,       6.510,57823,  422,  396.309345,  197.038441,   47.326887,    2186.486
    5191.649,    1179.351,       4.644,      11.889,       6.503,57823,  414,  394.556871,  196.406824,   46.865443,    2182.943
    5201.654,    1169.346,       4.639,      11.873,       6.497,57823,  407,  392.803112,  195.773321,   46.405066,    2179.390
    5211.659,    1159.341,       4.633,      11.856,       6.490,57823,  400,  391.048442,  195.137784,   45.945536,    2175.826
    5221.664,    1149.336,       4.627,      11.840,       6.483,57823,  393,  389.291273,  194.500117,   45.487483,    2172.253
    5231.668,    1139.332,       4.622,      11.823,       6.477,57823,  386,  387.531117,  193.860485,   45.028646,    2168.670
    5241.673,    1129.327,       4.616,      11.806,       6.470,57823,  380,  385.775447,  193.219036,   44.569512,    2165.077
    5251.678,    1119.322,       4.610,      11.790,       6.463,57823,  374,  384.032708,  192.576274,   44.111412,    2161.474
    5261.683,    1109.317,       4.605,      11.773,       6.456,57823,  368,  382.303971,  191.932724,   43.654498,    2157.862
    5271.688,    1099.312,       4.599,      11.757,       6.449,57823,  362,  380.587442,  191.288767,   43.198544,    2154.242
    5281.692,    1089.308,       4.593,      11.740,       6.443,57823,  357,  378.882610,  190.644503,   42.740293,    2150.615
    5291.697,    1079.303,       4.587,      11.724,       6.436,57823,  352,  377.189868,  189.999573,   42.285007,    2146.979
    5301.702,    1069.298,       4.582,      11.708,       6.429,57823,  346,  375.508969,  189.353773,   41.830179,    2143.337
    5311.707,    1059.293,       4.576,      11.691,       6.422,57823,  342,  373.836519,  188.706882,   41.374777,    2139.687
    5321.712,    1049.288,       4.570,      11.675,       6.415,57823,  337,  372.168301,  188.058694,   40.921311,    2136.031
    5331.716,    1039.284,       4.564,      11.659,       6.408,57823,  332,  370.501973,  187.409067,   40.468077,    2132.368
    5341.721,    1029.279,       4.558,      11.642,       6.401,57823,  328,  368.836116,  186.757709,   40.015345,    2128.697
    5351.726,    1019.274,       4.552,      11.626,       6.394,57823,  324,  367.170082,  186.104611,   39.559933,    2125.020
    5361.731,    1009.269,       4.547,      11.609,       6.387,57823,  320,  365.502813,  185.449858,   39.108826,    2121.335
    5371.735,     999.265,       4.541,      11.593,       6.379,57823,  316,  363.833310,  184.793804,   38.659060,    2117.644
    5381.740,     989.260,       4.535,      11.576,       6.372,57823,  313,  362.160302,  184.136799,   38.209966,    2113.944
    5391.745,     979.255,       4.529,      11.559,       6.365,57823,  309,  360.483475,  183.479441,   37.759675,    2110.237
    5401.750,     969.250,       4.523,      11.542,       6.358,57823,  306,  358.802792,  182.822140,   37.309138,    2106.521
    5411.755,     959.245,       4.517,      11.525,       6.351,57823,  303,  357.118488,  182.165112,   36.860833,    2102.798
    5421.759,     949.241,       4.511,      11.508,       6.343,57823,  299,  355.430956,  181.508491,   36.410990,    2099.066
    5431.764,     939.236,       4.505,      11.491,       6.336,57823,  297,  353.739832,  180.852180,   35.963326,    2095.326
    5441.769,     929.231,       4.499,      11.474,       6.329,57823,  294,  352.045090,  180.196351,   35.513592,    2091.573
    5451.774,     919.226,       4.493,      11.457,       6.321,57823,  291,  350.346732,  179.541157,   35.066177,    2087.786
    5461.778,     909.222,       4.487,      11.439,       6.314,57823,  288,  348.645461,  178.886739,   34.620005,    2083.935
    5471.783,     899.217,       4.481,      11.422,       6.307,57823,  286,  346.941893,  178.232943,   34.174054,    2079.951
    5481.788,     889.212,       4.475,      11.404,       6.299,57823,  284,  345.237451,  177.579499,   33.729518,    2075.738
    5491.793,     879.207,       4.469,      11.387,       6.292,57823,  281,  343.536742,  176.923302,   33.284762,    2071.216
    5501.797,     869.203,       4.463,      11.369,       6.284,57823,  279,  341.853241,  176.254725,   32.840568,    2066.413
    5511.802,     859.198,       4.457,      11.351,       6.276,57823,  277,  340.187332,  175.573461,   32.397487,    2061.446
    5521.807,     849.193,       4.451,      11.334,       6.269,57823,  275,  338.525229,  174.890572,   31.954602,    2056.439
    5531.812,     839.188,       4.445,      11.316,       6.261,57823,  273,  336.864609,  174.208574,   31.512244,    2051.475
    5541.817,     829.183,       4.439,      11.298,       6.253,57823,  271,  335.207643,  173.526707,   31.070690,    2046.584
    5551.821,     819.179,       4.433,      11.280,       6.245,57823,  270,  333.554760,  172.845289,   30.654301,    2041.766
    5561.826,     809.174,       4.426,      11.262,       6.237,57823,  268,  331.905058,  172.164449,   30.212912,    2036.998
    5571.831,     799.169,       4.420,      11.245,       6.228,57823,  266,  330.263966,  171.479649,   29.772434,    2032.265
    5581.836,     789.164,       4.414,      11.227,       6.220,57823,  265,  328.641241,  170.782740,   29.331440,    2027.555
    5591.840,     779.160,       4.407,      11.209,       6.212,57823,  263,  326.979201,  170.052812,   28.892232,    2022.857
    5601.845,     769.155,       4.400,      11.191,       6.203,57823,  262,  325.249764,  169.287617,   28.452952,    2018.159
    5611.850,     759.150,       4.392,      11.173,       6.195,57823,  260,  323.554998,  168.543743,   28.017000,    2013.445
    5621.855,     749.145,       4.385,      11.155,       6.186,57823,  259,  321.885772,  167.806683,   27.578040,    2008.706
    5631.859,     739.141,       4.378,      11.137,       6.177,57823,  257,  320.227125,  167.074706,   27.139636,    2003.940
    5641.864,     729.136,       4.371,      11.119,       6.169,57823,  256,  318.574096,  166.344987,   26.704271,    1999.153
    5651.869,     719.131,       4.364,      11.101,       6.160,57823,  254,  316.926618,  165.617026,   26.269336,    1994.353
    5661.874,     709.126,       4.357,      11.082,       6.152,57823,  253,  315.284888,  164.890615,   25.834386,    1989.545
    5671.879,     699.121,       4.350,      11.064,       6.143,57823,  251,  313.648940,  164.165791,   25.400941,    1984.736
    5681.883,     689.117,       4.343,      11.046,       6.135,57823,  250,  312.018943,  163.442718,   24.967890,    1979.934
    5691.888,     679.112,       4.336,      11.028,       6.126,57823,  249,  310.394571,  162.721331,   24.535237,    1975.142
    5701.893,     669.107,       4.316,      10.828,       6.018,57823,  221,  297.681078,  156.311132,   24.109683,    1970.362
    5711.898,     659.102,       4.224,      10.651,       5.853,57823,  193,  286.225162,  144.707803,   23.686943,    1965.599
    5721.903,     649.097,       4.130,      10.485,       5.700,57823,  181,  275.086364,  134.176053,   23.287331,    1960.843
    5731.907,     639.093,       4.051,      10.354,       5.584,57823,  178,  265.915242,  126.303407,   22.874820,    1956.063
    5741.912,     629.088,       4.001,      10.268,       5.513,57823,  173,  259.697079,  121.620432,   22.478551,    1951.202
    5751.917,     619.083,       3.981,      10.217,       5.479,57823,  170,  256.245140,  119.524996,   22.079768,    1946.204
    5761.922,     609.078,       3.969,      10.183,       5.458,57823,  168,  253.893218,  118.249255,   21.684116,    1941.065
    5771.926,     599.074,       3.959,      10.153,       5.443,57823,  163,  251.774603,  117.279663,   21.288427,    1935.830
    5781.931,     589.069,       3.949,      10.128,       5.427,57823,  160,  249.935790,  116.308588,   20.894251,    1930.546
    5791.936,     579.064,       3.938,      10.105,       5.413,57823,  154,  248.209781,  115.362007,   20.500762,    1925.242
    5801.941,     569.059,       3.926,      10.082,       5.398,57823,  150,  246.542561,  114.412229,   20.107786,    1919.925
    5811.945,     559.055,       3.915,      10.059,       5.383,57823,  146,  244.900876,  113.421310,   19.701911,    1914.598
    5821.950,     549.050,       3.903,      10.019,       5.365,57823,  144,  241.997945,  112.365028,   19.311202,    1909.265
    5831.955,     539.045,       3.891,       9.979,       5.345,57823,  141,  239.260012,  111.179990,   18.920963,    1903.931
    5841.960,     529.040,       3.878,       9.917,       5.322,57823,  141,  234.967365,  109.829493,   18.534178,    1898.600
    5851.965,     519.035,       3.864,       9.850,       5.296,57823,  142,  230.378231,  108.357822,   18.146925,    1893.273
    5861.969,     509.031,       3.849,       9.794,       5.269,57823,  142,  226.735589,  106.859969,   17.770365,    1887.950
    5871.974,     499.026,       3.836,       9.748,       5.243,57823,  139,  223.937089,  105.423407,   17.382344,    1882.633
    5881.979,     489.021,       3.823,       9.713,       5.218,57823,  138,  221.846285,  104.103879,   17.001869,    1877.320
    5891.984,     479.016,       3.811,       9.681,       5.197,57823,  136,  219.929274,  102.930784,   16.622570,    1872.008
    5901.989,     469.011,       3.800,       9.650,       5.178,57823,  136,  217.966030,  101.896343,   16.244314,    1866.697
    5911.993,     459.007,       3.789,       9.618,       5.161,57823,  137,  215.959519,  100.939549,   15.867505,    1861.386
    5921.998,     449.002,       3.778,       9.584,       5.144,57823,  137,  213.750536,   99.993033,   15.491882,    1856.076
    5932.003,     438.997,       3.767,       9.543,       5.128,57823,  137,  211.026768,   99.052816,   15.117450,    1850.764
    5942.008,     428.992,       3.757,       9.488,       5.114,57823,  139,  207.221499,   98.275510,   14.751297,    1845.453
    5952.012,     418.988,       3.743,       9.416,       5.091,57823,  138,  202.539908,   97.016666,   14.371573,    1840.141
    5962.017,     408.983,       3.719,       9.325,       5.031,57823,  139,  197.877936,   94.135349,   13.993883,    1834.829
    5972.022,     398.978,       3.682,       9.222,       4.929,57823,  138,  193.858680,   89.470504,   13.629568,    1829.516
    5982.027,     388.973,       3.641,       9.122,       4.818,57823,  138,  190.325434,   84.511808,   13.273001,    1824.202
    5992.032,     378.968,       3.612,       9.022,       4.742,57823,  139,  185.721009,   81.248410,   12.911359,    1818.888
    6002.036,     368.964,       3.595,       8.949,       4.706,57823,  142,  181.691999,   79.620704,   12.554017,    1813.704
    6012.041,     358.959,       3.585,       8.875,       4.693,57823,  143,  177.064152,   78.958962,   12.201306,    1808.496
    6022.046,     348.954,       3.575,       8.827,       4.681,57823,  146,  174.081209,   78.346589,   11.846321,    1803.133
    6032.051,     338.949,       3.565,       8.779,       4.670,57823,  148,  171.126942,   77.737390,   11.490981,    1797.665
    6042.055,     328.945,       3.556,       8.748,       4.659,57823,  150,  169.233556,   77.173594,   11.138144,    1792.140
    6052.060,     318.940,       3.547,       8.718,       4.648,57823,  153,  167.418343,   76.611568,   10.786010,    1786.605
    6062.065,     308.935,       3.538,       8.689,       4.636,57823,  156,  165.688763,   76.046904,   10.435370,    1781.108
    6072.070,     298.930,       3.529,       8.660,       4.625,57823,  158,  163.997921,   75.475997,   10.085464,    1775.698
    6082.074,     288.926,       3.519,       8.632,       4.613,57823,  161,  162.345414,   74.900063,    9.736731,    1770.423
    6092.079,     278.921,       3.510,       8.603,       4.601,57823,  165,  160.726406,   74.322471,    9.389905,    1765.331
    6102.084,     268.916,       3.501,       8.575,       4.589,57823,  166,  159.133021,   73.747464,    9.043349,    1760.469
    6112.089,     258.911,       3.492,       8.547,       4.578,57823,  169,  157.555480,   73.187302,    8.697461,    1755.847
    6122.093,     248.907,       3.484,       8.519,       4.566,57823,  175,  155.984049,   72.634919,    8.354434,    1751.901
    6132.098,     238.902,       3.475,       8.491,       4.555,57823,  179,  154.412354,   72.094984,    8.011248,    1749.010
    6142.103,     228.897,       3.466,       8.457,       4.541,57823,  182,  152.578624,   71.463792,    7.667784,    1747.508
    6152.108,     218.892,       3.457,       8.425,       4.529,57823,  186,  150.838625,   70.889319,    7.326037,    1747.461
    6162.113,     208.887,       3.447,       8.396,       4.518,57823,  190,  149.198667,   70.368543,    6.986362,    1748.443
    6172.117,     198.883,       3.438,       8.377,       4.512,57823,  195,  147.926206,   70.004532,    6.646031,    1749.360
    6182.122,     188.878,       3.429,       8.359,       4.507,57823,  196,  146.679543,   69.649618,    6.309254,    1749.393
    6187.217,     183.783,       3.420,       8.349,       4.504,57823,  200,  145.891796,   69.394275,    6.137279,    1749.036
    6192.312,     178.688,       3.413,       8.340,       4.502,57823,  202,  145.174575,   69.169348,    5.964170,    1745.217
    6197.408,     173.592,       3.408,       8.331,       4.499,57823,  204,  144.529818,   68.972729,    5.793689,    1737.469
    6202.503,     168.497,       3.408,       8.323,       4.497,57823,  207,  144.154644,   68.901125,    5.621136,    1725.455
    6207.598,     163.402,       3.407,       8.316,       4.495,57823,  208,  143.839071,   68.850964,    5.449803,    1708.903
    6212.693,     158.307,       3.407,       8.311,       4.494,57823,  203,  143.592976,   68.811137,    5.280523,    1687.743
    6217.788,     153.212,       3.407,       8.307,       4.493,57823,  191,  143.402664,   68.791145,    5.109271,    1662.199
    6222.883,     148.117,       3.407,       8.305,       4.494,57823,  178,  143.247801,   68.810177,    4.937670,    1632.845
    6227.979,     143.021,       3.407,       8.305,       4.497,57823,  165,  143.109186,   68.896001,    4.766172,    1600.290
    6233.074,     137.926,       3.407,       8.305,       4.501,57823,  155,  142.972130,   69.026710,    4.593553,    1564.032
    6238.169,     132.831,       3.407,       8.307,       4.506,57823,  148,  142.855558,   69.184917,    4.422682,    1521.691
    6243.264,     127.736,       3.407,       8.310,       4.512,57823,  150,  142.760742,   69.354793,    4.251531,    1476.013
    6248.359,     122.641,       3.406,       8.313,       4.518,57823,  166,  142.682613,   69.531230,    4.080422,    1427.983
    6253.454,     117.546,       3.406,       8.316,       4.524,57823,  205,  142.602812,   69.708085,    3.909520,    1378.518
    6258.549,     112.451,       3.406,       8.319,       4.530,57823,  282,  142.520181,   69.883694,    3.738492,    1328.276
    6263.645,     107.355,       3.406,       8.322,       4.536,57823,  383,  142.437035,   70.058758,    3.567487,    1277.944
    6268.740,     102.260,       3.405,       8.325,       4.542,57823,  496,  142.357115,   70.234858,    3.396754,    1228.116
    6273.835,      97.165,       3.405,       8.329,       4.548,57823,  579,  142.283253,   70.413392,    3.226003,    1179.186
    6278.930,      92.070,       3.404,       8.336,       4.555,57823,  600,  142.351309,   70.635542,    3.055070,    1131.328
    6284.025,      86.975,       3.404,       8.343,       4.563,57823,  601,  142.455433,   70.870977,    2.884555,    1084.421
    6289.120,      81.880,       3.403,       8.352,       4.571,57823,  600,  142.596670,   71.117380,    2.713969,    1036.840
    6294.216,      76.784,       3.403,       8.359,       4.578,57823,  600,  142.648156,   71.323703,    2.543216,     989.247
    6299.311,      71.689,       3.402,       8.365,       4.585,57823,  600,  142.713334,   71.519671,    2.372720,     941.663
    6304.406,      66.594,       3.402,       8.371,       4.591,57823,  600,  142.789762,   71.707056,    2.201667,     894.081
    6309.501,      61.499,       3.401,       8.378,       4.598,57823,  600,  142.864527,   71.894888,    2.031722,     846.499
    6314.596,      56.404,       3.401,       8.384,       4.604,57823,  600,  142.939171,   72.082599,    1.860880,     798.920
    6319.691,      51.309,       3.400,       8.390,       4.610,57823,  600,  143.013351,   72.270207,    1.690541,     751.343
    6324.786,      46.214,       3.400,       8.397,       4.617,57823,  600,  143.086748,   72.457805,    1.520219,     703.772
    6329.882,      41.118,       3.399,       8.403,       4.623,57823,  600,  143.159235,   72.645570,    1.349223,     656.198
    6334.977,      36.023,       3.398,       8.410,       4.629,57823,  600,  143.230736,   72.833543,    1.180049,     608.642
    6340.072,      30.928,       3.375,       8.328,       4.574,57823,  600,  139.947174,   70.609996,    1.011381,     561.096
    6345.167,      25.833,       3.318,       7.929,       4.343,57823,  600,  125.155306,   62.598847,    0.842790,     513.561
    6350.262,      20.738,       3.210,       7.151,       3.939,57823,  600,   97.741845,   49.805464,    0.674554,     466.038
    6350.262,      20.738,       3.210,       7.151,       3.939,57823,  600,   97.741845,   49.805464,    0.674554,     466.038
    6357.249,      13.751,       2.646,       5.895,       3.247,57823,  600,   54.755476,   27.896802,    0.445769,     400.890
    6357.249,      13.751,       2.646,       5.895,       3.247,57823,  600,   54.755476,   27.896802,    0.445769,     400.890
    6371.000,       0.000,       2.635,       5.870,       3.233,57823,  600,   54.071556,   27.541782,    0.002847,     272.692
