radius[km],depth[km],density[g/cm**3],vp[km/s],vs[km/s],qkappa,qmu,K[GPa],mu[GPa],pressure[GPa],temperature[K]
       0.000,    6371.000,      13.054,      11.239,       3.653, 1325,  113, 1416.517225,  174.200662,  359.429167,       0.000
      31.320,    6339.680,      13.051,      11.237,       3.652, 1325,  113, 1415.829006,  174.031382,  359.411441,       0.000
      62.641,    6308.359,      13.048,      11.235,       3.650, 1325,  113, 1415.125067,  173.858720,  359.342166,       0.000
      93.962,    6277.038,      13.046,      11.233,       3.649, 1325,  113, 1414.405767,  173.682773,  359.225704,       0.000
     125.282,    6245.718,      13.043,      11.231,       3.647, 1325,  113, 1413.672168,  173.503761,  359.062449,       0.000
     156.603,    6214.397,      13.040,      11.228,       3.646, 1325,  113, 1412.925570,  173.321939,  358.852502,       0.000
     187.923,    6183.077,      13.037,      11.226,       3.644, 1325,  113, 1412.167411,  173.137586,  358.595918,       0.000
     219.244,    6151.756,      13.034,      11.224,       3.643, 1325,  113, 1411.398991,  172.950908,  358.292745,       0.000
     250.564,    6120.436,      13.031,      11.222,       3.641, 1325,  113, 1410.621131,  172.761930,  357.943033,       0.000
     281.885,    6089.115,      13.028,      11.220,       3.640, 1325,  113, 1409.823532,  172.568148,  357.546839,       0.000
     313.205,    6057.795,      13.024,      11.217,       3.637, 1325,  113, 1408.791075,  172.320736,  357.104224,       0.000
     344.526,    6026.474,      13.019,      11.213,       3.635, 1325,  113, 1407.654021,  172.048992,  356.615255,       0.000
     375.846,    5995.154,      13.014,      11.210,       3.633, 1325,  113, 1406.410490,  171.752267,  356.080008,       0.000
     407.167,    5963.833,      13.009,      11.206,       3.630, 1325,  113, 1405.059174,  171.429662,  355.498564,       0.000
     438.487,    5932.513,      13.003,      11.202,       3.627, 1325,  113, 1403.598109,  171.081115,  354.871014,       0.000
     469.808,    5901.192,      12.997,      11.198,       3.624, 1325,  113, 1402.026121,  170.706839,  354.197453,       0.000
     501.128,    5869.872,      12.990,      11.193,       3.621, 1325,  113, 1400.344234,  170.307104,  353.477986,       0.000
     532.449,    5838.551,      12.983,      11.188,       3.617, 1325,  113, 1398.552898,  169.882042,  352.712722,       0.000
     563.769,    5807.231,      12.976,      11.182,       3.614, 1325,  113, 1396.653280,  169.431561,  351.901779,       0.000
     595.090,    5775.910,      12.968,      11.177,       3.610, 1325,  113, 1394.645800,  168.955372,  351.045284,       0.000
     626.410,    5744.590,      12.960,      11.171,       3.605, 1325,  113, 1392.530794,  168.454187,  350.143367,       0.000
     657.731,    5713.269,      12.951,      11.164,       3.601, 1325,  113, 1390.309862,  167.928729,  349.196169,       0.000
     689.051,    5681.949,      12.942,      11.158,       3.596, 1325,  113, 1387.984331,  167.378976,  348.203835,       0.000
     720.372,    5650.628,      12.932,      11.151,       3.591, 1325,  113, 1385.553419,  166.804921,  347.166520,       0.000
     751.692,    5619.308,      12.922,      11.143,       3.586, 1325,  113, 1383.017534,  166.206850,  346.084385,       0.000
     783.013,    5587.987,      12.912,      11.136,       3.581, 1325,  113, 1380.375879,  165.584922,  344.957596,       0.000
     814.333,    5556.667,      12.901,      11.128,       3.576, 1325,  113, 1377.625201,  164.939213,  343.786330,       0.000
     845.654,    5525.346,      12.889,      11.120,       3.570, 1325,  113, 1374.762791,  164.269583,  342.570767,       0.000
     876.974,    5494.026,      12.878,      11.111,       3.564, 1325,  113, 1371.790042,  163.575935,  341.311097,       0.000
     908.295,    5462.705,      12.865,      11.103,       3.558, 1325,  113, 1368.711827,  162.858979,  340.007516,       0.000
     939.615,    5431.385,      12.853,      11.093,       3.552, 1325,  113, 1365.534107,  162.119974,  338.660225,       0.000
     970.936,    5400.064,      12.839,      11.084,       3.545, 1325,  113, 1362.130049,  161.330587,  337.269436,       0.000
    1002.256,    5368.744,      12.826,      11.074,       3.538, 1325,  113, 1358.711474,  160.539824,  335.835365,       0.000
    1033.577,    5337.423,      12.812,      11.064,       3.531, 1325,  113, 1355.288680,  159.749630,  334.358234,       0.000
    1064.897,    5306.103,      12.798,      11.054,       3.524, 1325,  113, 1351.861061,  158.959773,  332.838275,       0.000
    1096.218,    5274.782,      12.785,      11.044,       3.517, 1325,  113, 1348.426915,  158.169865,  331.275723,       0.000
    1127.539,    5243.461,      12.771,      11.034,       3.510, 1325,  113, 1344.984864,  157.379612,  329.670824,       0.000
    1158.859,    5212.141,      12.757,      11.024,       3.504, 1325,  113, 1341.533663,  156.588785,  328.023828,       0.000
    1190.179,    5180.820,      12.743,      11.014,       3.497, 1325,  113, 1338.072142,  155.797225,  326.334991,       0.000
    1221.500,    5149.500,      12.729,      11.004,       3.490, 1325,  113, 1334.599844,  155.004919,  324.604578,       0.000
    1221.500,    5149.500,      12.315,      10.194,       0.000,57823,   -0, 1279.683684,    0.000000,  324.601844,       0.000
    1279.410,    5091.590,      12.277,      10.158,       0.000,57823,   -0, 1266.784037,    0.000000,  321.418294,       0.000
    1337.321,    5033.680,      12.239,      10.122,       0.000,57823,   -0, 1253.898089,    0.000000,  318.720820,       0.000
    1395.231,    4975.769,      12.201,      10.085,       0.000,57823,   -0, 1241.034003,    0.000000,  315.847087,       0.000
    1453.141,    4917.859,      12.162,      10.049,       0.000,57823,   -0, 1228.201073,    0.000000,  312.548694,       0.000
    1511.051,    4859.949,      12.124,      10.012,       0.000,57823,   -0, 1215.406872,    0.000000,  309.361164,       0.000
    1568.961,    4802.039,      12.085,       9.976,       0.000,57823,   -0, 1202.655701,    0.000000,  305.984470,       0.000
    1626.872,    4744.128,      12.046,       9.939,       0.000,57823,   -0, 1189.949340,    0.000000,  302.353158,       0.000
    1684.782,    4686.218,      12.007,       9.902,       0.000,57823,   -0, 1177.280682,    0.000000,  298.789364,       0.000
    1742.692,    4628.308,      11.968,       9.865,       0.000,57823,   -0, 1164.573947,    0.000000,  294.779596,       0.000
    1800.603,    4570.397,      11.925,       9.824,       0.000,57823,   -0, 1151.010224,    0.000000,  290.791832,       0.000
    1858.513,    4512.487,      11.882,       9.783,       0.000,57823,   -0, 1137.163561,    0.000000,  286.691732,       0.000
    1916.423,    4454.577,      11.836,       9.741,       0.000,57823,   -0, 1123.051872,    0.000000,  282.539088,       0.000
    1974.333,    4396.667,      11.790,       9.697,       0.000,57823,   -0, 1108.660559,    0.000000,  278.277248,       0.000
    2032.244,    4338.756,      11.741,       9.652,       0.000,57823,   -0, 1093.953394,    0.000000,  273.862605,       0.000
    2090.154,    4280.846,      11.692,       9.606,       0.000,57823,   -0, 1078.900747,    0.000000,  269.376320,       0.000
    2148.064,    4222.936,      11.640,       9.558,       0.000,57823,   -0, 1063.499323,    0.000000,  264.631475,       0.000
    2205.974,    4165.026,      11.587,       9.509,       0.000,57823,   -0, 1047.747149,    0.000000,  259.841406,       0.000
    2263.885,    4107.115,      11.533,       9.458,       0.000,57823,   -0, 1031.643343,    0.000000,  254.945121,       0.000
    2321.795,    4049.205,      11.477,       9.405,       0.000,57823,   -0, 1015.205403,    0.000000,  249.892723,       0.000
    2379.705,    3991.295,      11.419,       9.351,       0.000,57823,   -0,  998.451671,    0.000000,  244.815484,       0.000
    2437.615,    3933.385,      11.359,       9.295,       0.000,57823,   -0,  981.356260,    0.000000,  239.629018,       0.000
    2495.526,    3875.474,      11.298,       9.237,       0.000,57823,   -0,  963.888356,    0.000000,  234.451571,       0.000
    2553.436,    3817.564,      11.235,       9.176,       0.000,57823,   -0,  946.030633,    0.000000,  229.098641,       0.000
    2611.346,    3759.654,      11.170,       9.114,       0.000,57823,   -0,  927.778572,    0.000000,  223.671873,       0.000
    2669.256,    3701.744,      11.103,       9.049,       0.000,57823,   -0,  909.138847,    0.000000,  218.216491,       0.000
    2727.167,    3643.833,      11.035,       8.981,       0.000,57823,   -0,  890.134968,    0.000000,  212.669819,       0.000
    2785.077,    3585.923,      10.964,       8.912,       0.000,57823,   -0,  870.809234,    0.000000,  207.071467,       0.000
    2842.987,    3528.013,      10.892,       8.840,       0.000,57823,   -0,  851.208318,    0.000000,  201.344841,       0.000
    2900.897,    3470.103,      10.818,       8.767,       0.000,57823,   -0,  831.362834,    0.000000,  195.559337,       0.000
    2958.808,    3412.192,      10.741,       8.691,       0.000,57823,   -0,  811.305196,    0.000000,  189.659415,       0.000
    3016.718,    3354.282,      10.661,       8.610,       0.000,57823,   -0,  790.394834,    0.000000,  183.735623,       0.000
    3074.628,    3296.372,      10.580,       8.529,       0.000,57823,   -0,  769.732590,    0.000000,  177.814200,       0.000
    3132.539,    3238.461,      10.500,       8.448,       0.000,57823,   -0,  749.372543,    0.000000,  171.827354,       0.000
    3190.449,    3180.551,      10.418,       8.367,       0.000,57823,   -0,  729.317749,    0.000000,  165.802549,       0.000
    3248.359,    3122.641,      10.337,       8.285,       0.000,57823,   -0,  709.563962,    0.000000,  159.711378,       0.000
    3306.269,    3064.731,      10.256,       8.203,       0.000,57823,   -0,  690.105065,    0.000000,  153.616084,       0.000
    3364.180,    3006.820,      10.174,       8.121,       0.000,57823,   -0,  670.934002,    0.000000,  147.488486,       0.000
    3422.090,    2948.910,      10.092,       8.038,       0.000,57823,   -0,  652.046292,    0.000000,  141.384379,       0.000
    3480.000,    2891.000,      10.010,       7.955,       0.000,57823,   -0,  633.440649,    0.000000,  135.238330,       0.000
    3480.000,    2891.000,       5.546,      13.871,       7.464,57823,12000,  655.066245,  309.005990,  135.234523,    2612.734
    3485.014,    2885.986,       5.544,      13.864,       7.462,57823,11846,  654.098137,  308.657993,  134.937072,    2611.125
    3490.029,    2880.971,       5.541,      13.858,       7.459,57823,11694,  653.131842,  308.310006,  134.635713,    2609.519
    3495.043,    2875.957,       5.539,      13.852,       7.457,57823,11543,  652.167722,  307.962185,  134.351146,    2607.916
    3500.057,    2870.943,       5.536,      13.846,       7.454,57823,11394,  651.205487,  307.614484,  134.050573,    2606.317
    3505.071,    2865.929,       5.534,      13.840,       7.452,57823,11246,  650.244985,  307.266935,  133.731155,    2604.722
    3510.086,    2860.914,       5.531,      13.834,       7.449,57823,11099,  649.285803,  306.919502,  133.433321,    2603.130
    3515.100,    2855.900,       5.528,      13.828,       7.447,57823,10954,  648.328093,  306.572338,  133.136860,    2601.541
    3520.114,    2850.886,       5.526,      13.822,       7.444,57823,10810,  647.373496,  306.224993,  132.837712,    2599.956
    3525.129,    2845.871,       5.523,      13.816,       7.442,57823,10667,  646.431771,  305.876170,  132.540217,    2598.374
    3530.143,    2840.857,       5.521,      13.810,       7.439,57823,10525,  645.494087,  305.527393,  132.245700,    2596.796
    3535.157,    2835.843,       5.518,      13.804,       7.437,57823,10385,  644.558642,  305.178857,  131.953980,    2595.221
    3540.171,    2830.829,       5.516,      13.798,       7.434,57823,10247,  643.623859,  304.830732,  131.657571,    2593.650
    3545.186,    2825.814,       5.513,      13.792,       7.432,57823,10109,  642.688183,  304.483023,  131.359364,    2592.082
    3550.200,    2820.800,       5.511,      13.786,       7.429,57823, 9973,  641.750978,  304.135869,  131.062794,    2590.571
    3555.214,    2815.786,       5.508,      13.780,       7.427,57823, 9838,  640.811627,  303.789138,  130.767115,    2589.076
    3560.229,    2810.771,       5.506,      13.774,       7.424,57823, 9705,  639.870461,  303.442575,  130.437175,    2587.591
    3565.243,    2805.757,       5.503,      13.767,       7.421,57823, 9572,  638.930515,  303.095110,  130.142705,    2586.112
    3570.257,    2800.743,       5.500,      13.761,       7.419,57823, 9441,  638.000393,  302.741177,  129.846201,    2584.629
    3575.271,    2795.729,       5.498,      13.755,       7.416,57823, 9312,  637.091672,  302.373108,  129.550932,    2583.131
    3580.286,    2790.714,       5.495,      13.749,       7.413,57823, 9183,  636.199999,  301.994683,  129.255801,    2581.606
    3585.300,    2785.700,       5.493,      13.743,       7.410,57823, 9056,  635.315884,  301.613633,  128.961122,    2580.040
    3590.314,    2780.686,       5.490,      13.737,       7.407,57823, 8930,  634.433793,  301.231397,  128.667497,    2578.419
    3595.329,    2775.671,       5.488,      13.731,       7.404,57823, 8805,  633.543207,  300.846806,  128.375103,    2576.724
    3600.343,    2770.657,       5.485,      13.725,       7.401,57823, 8682,  632.633624,  300.459360,  128.075624,    2575.238
    3605.357,    2765.643,       5.483,      13.718,       7.398,57823, 8560,  631.712470,  300.065827,  127.782420,    2573.477
    3610.371,    2760.629,       5.480,      13.712,       7.395,57823, 8439,  630.775794,  299.671883,  127.491863,    2571.463
    3615.386,    2755.614,       5.478,      13.705,       7.392,57823, 8319,  629.824558,  299.278223,  127.210029,    2569.219
    3620.400,    2750.600,       5.475,      13.698,       7.388,57823, 8200,  628.855523,  298.887866,  126.916730,    2566.772
    3625.414,    2745.586,       5.473,      13.691,       7.385,57823, 8083,  627.871106,  298.502275,  126.632125,    2564.148
    3630.429,    2740.571,       5.470,      13.684,       7.382,57823, 7967,  626.876354,  298.120938,  126.335871,    2561.387
    3635.443,    2735.557,       5.468,      13.677,       7.379,57823, 7852,  625.873948,  297.743225,  126.047757,    2558.501
    3640.457,    2730.543,       5.465,      13.670,       7.376,57823, 7738,  624.868813,  297.370081,  125.754911,    2555.507
    3645.471,    2725.529,       5.463,      13.664,       7.374,57823, 7625,  623.867200,  297.012095,  125.474664,    2552.433
    3650.486,    2720.514,       5.461,      13.657,       7.371,57823, 7514,  622.887290,  296.663806,  125.185755,    2549.266
    3655.500,    2715.500,       5.458,      13.650,       7.368,57823, 7403,  621.932834,  296.322941,  124.890236,    2546.019
    3660.514,    2710.486,       5.456,      13.644,       7.365,57823, 7294,  621.011825,  295.977930,  124.600892,    2542.713
    3665.529,    2705.471,       5.454,      13.638,       7.363,57823, 7186,  620.117157,  295.633117,  124.312047,    2539.358
    3670.543,    2700.457,       5.451,      13.631,       7.360,57823, 7079,  619.252662,  295.288557,  124.022700,    2535.978
    3675.557,    2695.443,       5.449,      13.625,       7.357,57823, 6974,  618.412130,  294.943299,  123.735307,    2532.595
    3680.571,    2690.429,       5.447,      13.620,       7.354,57823, 6869,  617.589946,  294.596296,  123.442278,    2529.232
    3685.586,    2685.414,       5.445,      13.614,       7.351,57823, 6766,  616.785537,  294.246510,  123.154359,    2525.909
    3690.600,    2680.400,       5.443,      13.610,       7.348,57823, 6663,  616.260863,  293.893860,  122.868172,    2522.645
    3695.614,    2675.386,       5.441,      13.610,       7.345,57823, 6562,  616.376359,  293.538166,  122.580167,    2519.461
    3700.629,    2670.371,       5.439,      13.609,       7.342,57823, 6462,  616.352258,  293.179212,  122.293174,    2516.370
    3705.643,    2665.357,       5.436,      13.607,       7.339,57823, 6363,  616.147855,  292.797368,  122.006719,    2513.378
    3710.657,    2660.343,       5.433,      13.605,       7.336,57823, 6265,  615.844964,  292.369902,  121.722270,    2510.502
    3715.671,    2655.329,       5.428,      13.603,       7.330,57823, 6168,  615.610269,  291.701095,  121.431746,    2507.747
    3720.686,    2650.314,       5.422,      13.602,       7.322,57823, 6073,  615.520469,  290.735639,  121.146215,    2505.103
    3725.700,    2645.300,       5.415,      13.600,       7.311,57823, 5978,  615.630933,  289.452755,  120.851969,    2502.588
    3730.714,    2640.286,       5.406,      13.600,       7.299,57823, 5884,  615.902887,  287.992280,  120.567639,    2500.203
    3735.729,    2635.271,       5.398,      13.599,       7.282,57823, 5792,  616.466530,  286.266158,  120.283709,    2497.497
    3740.743,    2630.257,       5.389,      13.598,       7.264,57823, 5700,  617.299427,  284.329063,  119.999531,    2494.855
    3745.757,    2625.243,       5.380,      13.597,       7.243,57823, 5610,  618.312073,  282.244754,  119.716204,    2492.282
    3750.771,    2620.229,       5.372,      13.595,       7.222,57823, 5521,  619.313784,  280.201651,  119.444814,    2489.757
    3755.786,    2615.214,       5.364,      13.594,       7.202,57823, 5432,  620.375747,  278.219240,  119.162536,    2487.307
    3760.800,    2610.200,       5.358,      13.593,       7.183,57823, 5345,  621.388511,  276.485325,  118.880223,    2484.596
    3765.814,    2605.186,       5.353,      13.592,       7.168,57823, 5259,  622.234878,  275.050165,  118.599292,    2482.001
    3770.829,    2600.171,       5.350,      13.590,       7.156,57823, 5174,  622.881611,  273.933132,  118.319998,    2479.476
    3775.843,    2595.157,       5.347,      13.589,       7.145,57823, 5089,  623.408768,  273.000275,  118.039550,    2477.081
    3780.857,    2590.143,       5.345,      13.587,       7.138,57823, 5006,  623.631102,  272.338142,  117.758433,    2474.814
    3785.871,    2585.129,       5.343,      13.585,       7.134,57823, 4924,  623.510343,  271.896971,  117.477896,    2472.679
    3790.886,    2580.114,       5.340,      13.581,       7.132,57823, 4843,  622.818338,  271.616882,  117.197350,    2470.655
    3795.900,    2575.100,       5.338,      13.576,       7.130,57823, 4763,  622.042650,  271.334340,  116.918432,    2468.721
    3800.914,    2570.086,       5.335,      13.573,       7.128,57823, 4683,  621.513087,  271.051264,  116.637521,    2466.874
    3805.929,    2565.071,       5.333,      13.569,       7.126,57823, 4605,  620.922554,  270.768952,  116.358839,    2465.107
    3810.943,    2560.057,       5.330,      13.565,       7.123,57823, 4528,  620.272984,  270.488617,  116.081102,    2463.416
    3815.957,    2555.043,       5.328,      13.562,       7.121,57823, 4451,  619.678131,  270.210427,  115.803031,    2461.797
    3820.971,    2550.029,       5.326,      13.559,       7.119,57823, 4376,  619.158620,  269.934303,  115.521561,    2460.244
    3825.986,    2545.014,       5.323,      13.554,       7.117,57823, 4302,  618.430635,  269.659663,  115.245103,    2458.750
    3831.000,    2540.000,       5.321,      13.550,       7.115,57823, 4228,  617.736889,  269.386837,  114.966189,    2457.302
    3841.005,    2529.995,       5.316,      13.539,       7.111,57823, 4084,  615.920192,  268.845766,  114.411833,    2454.347
    3851.010,    2519.990,       5.311,      13.527,       7.108,57823, 3944,  614.059482,  268.306946,  113.858954,    2451.536
    3861.014,    2509.986,       5.306,      13.515,       7.104,57823, 3808,  612.200441,  267.769615,  113.306788,    2448.832
    3871.019,    2499.981,       5.302,      13.503,       7.100,57823, 3675,  610.343156,  267.232925,  112.757939,    2446.195
    3881.024,    2489.976,       5.297,      13.491,       7.096,57823, 3546,  608.488783,  266.696653,  112.204765,    2443.603
    3891.029,    2479.971,       5.292,      13.479,       7.092,57823, 3420,  606.634694,  266.159810,  111.657551,    2441.024
    3901.033,    2469.967,       5.287,      13.467,       7.088,57823, 3297,  604.781499,  265.622205,  111.111050,    2438.432
    3911.038,    2459.962,       5.282,      13.455,       7.084,57823, 3178,  602.931590,  265.083472,  110.568294,    2435.824
    3921.043,    2449.957,       5.278,      13.444,       7.080,57823, 3063,  601.082543,  264.544154,  110.015564,    2433.172
    3931.048,    2439.952,       5.273,      13.432,       7.076,57823, 2950,  599.233903,  264.004757,  109.471237,    2430.455
    3941.052,    2429.948,       5.269,      13.419,       7.072,57823, 2841,  597.454965,  263.493559,  108.927460,    2427.674
    3951.057,    2419.943,       5.264,      13.407,       7.068,57823, 2735,  595.613018,  262.954017,  108.381453,    2424.776
    3961.062,    2409.938,       5.259,      13.395,       7.064,57823, 2632,  593.768770,  262.412444,  107.843303,    2422.107
    3971.067,    2399.933,       5.254,      13.383,       7.060,57823, 2532,  591.923468,  261.869178,  107.303130,    2419.454
    3981.072,    2389.928,       5.249,      13.371,       7.056,57823, 2436,  590.014814,  261.296226,  106.768173,    2416.800
    3991.076,    2379.924,       5.244,      13.359,       7.052,57823, 2342,  588.181701,  260.754507,  106.218933,    2414.145
    4001.081,    2369.919,       5.239,      13.347,       7.048,57823, 2251,  586.355702,  260.213293,  105.678684,    2411.487
    4011.086,    2359.914,       5.234,      13.335,       7.043,57823, 2163,  584.538170,  259.672855,  105.142036,    2408.827
    4021.091,    2349.909,       5.229,      13.323,       7.039,57823, 2078,  582.729540,  259.133312,  104.612072,    2406.165
    4031.095,    2339.905,       5.225,      13.311,       7.035,57823, 1995,  580.929752,  258.594686,  104.078153,    2403.501
    4041.100,    2329.900,       5.220,      13.299,       7.031,57823, 1916,  579.137625,  258.056662,  103.546261,    2400.834
    4051.105,    2319.895,       5.215,      13.287,       7.027,57823, 1839,  577.352042,  257.518929,  103.013797,    2398.164
    4061.110,    2309.890,       5.210,      13.275,       7.023,57823, 1765,  575.571482,  256.980936,  102.482668,    2395.490
    4071.115,    2299.885,       5.205,      13.263,       7.019,57823, 1693,  573.794538,  256.441889,  101.950020,    2392.813
    4081.119,    2289.881,       5.201,      13.251,       7.015,57823, 1624,  572.020371,  255.900784,  101.418111,    2390.132
    4091.124,    2279.876,       5.196,      13.239,       7.011,57823, 1557,  570.248010,  255.356398,  100.888297,    2387.446
    4101.129,    2269.871,       5.191,      13.227,       7.006,57823, 1493,  568.477182,  254.808005,  100.358501,    2384.757
    4111.134,    2259.866,       5.186,      13.215,       7.002,57823, 1431,  566.707410,  254.255433,   99.828949,    2382.064
    4121.139,    2249.861,       5.181,      13.203,       6.997,57823, 1371,  564.938442,  253.698923,   99.297397,    2379.367
    4131.143,    2239.857,       5.176,      13.191,       6.993,57823, 1314,  563.170776,  253.138869,   98.770096,    2376.667
    4141.148,    2229.852,       5.172,      13.179,       6.988,57823, 1259,  561.404835,  252.575576,   98.243935,    2373.961
    4151.153,    2219.847,       5.167,      13.166,       6.984,57823, 1206,  559.641470,  252.009737,   97.718114,    2371.252
    4161.158,    2209.842,       5.162,      13.154,       6.979,57823, 1155,  557.880734,  251.442148,   97.192107,    2368.537
    4171.162,    2199.838,       5.157,      13.141,       6.975,57823, 1106,  556.121918,  250.873658,   96.684168,    2365.817
    4181.167,    2189.833,       5.152,      13.129,       6.970,57823, 1059,  554.363180,  250.304992,   96.143806,    2363.092
    4191.172,    2179.828,       5.147,      13.117,       6.965,57823, 1015,  552.603396,  249.737212,   95.621170,    2360.360
    4201.177,    2169.823,       5.143,      13.104,       6.961,57823,  972,  550.841323,  249.171450,   95.109988,    2357.623
    4211.181,    2159.819,       5.138,      13.092,       6.956,57823,  931,  549.074980,  248.609240,   94.588792,    2354.881
    4221.186,    2149.814,       5.133,      13.079,       6.952,57823,  892,  547.300458,  248.052565,   94.067407,    2352.132
    4231.191,    2139.809,       5.128,      13.067,       6.947,57823,  855,  545.514144,  247.503092,   93.547436,    2349.377
    4241.196,    2129.804,       5.123,      13.054,       6.943,57823,  819,  543.712785,  246.960465,   93.028745,    2346.617
    4251.201,    2119.799,       5.118,      13.041,       6.939,57823,  785,  541.891935,  246.423396,   92.512267,    2343.852
    4261.205,    2109.795,       5.113,      13.028,       6.935,57823,  753,  540.048118,  245.891255,   91.995216,    2341.082
    4271.210,    2099.790,       5.108,      13.015,       6.931,57823,  722,  538.181309,  245.364111,   91.479761,    2338.307
    4281.215,    2089.785,       5.103,      13.002,       6.927,57823,  693,  536.294996,  244.841761,   90.993933,    2335.527
    4291.220,    2079.780,       5.098,      12.989,       6.923,57823,  665,  534.394562,  244.321314,   90.479132,    2332.744
    4301.224,    2069.776,       5.093,      12.975,       6.918,57823,  639,  532.484767,  243.799701,   89.965139,    2329.958
    4311.229,    2059.771,       5.089,      12.962,       6.914,57823,  614,  530.567363,  243.276667,   89.453307,    2327.168
    4321.234,    2049.766,       5.084,      12.948,       6.910,57823,  590,  528.646446,  242.752232,   88.950324,    2324.376
    4331.239,    2039.761,       5.079,      12.935,       6.906,57823,  568,  526.727596,  242.225597,   88.430111,    2321.581
    4341.243,    2029.757,       5.074,      12.921,       6.902,57823,  547,  524.817361,  241.696419,   87.919398,    2318.784
    4351.248,    2019.752,       5.069,      12.907,       6.898,57823,  527,  522.922481,  241.164142,   87.414601,    2315.984
    4361.253,    2009.747,       5.064,      12.894,       6.893,57823,  508,  521.049544,  240.626892,   86.905003,    2313.182
    4371.258,    1999.742,       5.059,      12.880,       6.889,57823,  490,  519.203117,  240.081647,   86.396285,    2310.378
    4381.263,    1989.737,       5.054,      12.867,       6.884,57823,  474,  517.383285,  239.528364,   85.887569,    2307.572
    4391.267,    1979.733,       5.049,      12.854,       6.880,57823,  458,  515.586999,  238.970131,   85.380623,    2304.765
    4401.272,    1969.728,       5.044,      12.841,       6.875,57823,  443,  513.810331,  238.409163,   84.873348,    2301.954
    4411.277,    1959.723,       5.039,      12.828,       6.870,57823,  429,  512.048416,  237.846717,   84.369870,    2299.142
    4421.282,    1949.718,       5.034,      12.815,       6.866,57823,  416,  510.295870,  237.283355,   83.864884,    2296.327
    4431.287,    1939.713,       5.029,      12.802,       6.861,57823,  403,  508.549316,  236.719121,   83.357974,    2293.511
    4441.291,    1929.709,       5.024,      12.789,       6.856,57823,  392,  506.807526,  236.153946,   82.853276,    2290.692
    4451.296,    1919.704,       5.019,      12.776,       6.851,57823,  381,  505.069595,  235.587773,   82.352574,    2287.870
    4461.301,    1909.699,       5.014,      12.762,       6.846,57823,  370,  503.312817,  235.021009,   81.846681,    2285.047
    4471.306,    1899.694,       5.009,      12.748,       6.842,57823,  360,  501.411939,  234.454175,   81.347837,    2282.221
    4481.310,    1889.690,       5.004,      12.733,       6.837,57823,  351,  499.419008,  233.887769,   80.845505,    2279.393
    4491.315,    1879.685,       4.999,      12.718,       6.832,57823,  342,  497.470988,  233.321945,   80.345056,    2276.563
    4501.320,    1869.680,       4.994,      12.704,       6.827,57823,  334,  495.545415,  232.756959,   79.844201,    2273.731
    4511.325,    1859.675,       4.989,      12.689,       6.822,57823,  326,  493.618851,  232.193105,   79.343848,    2270.896
    4521.329,    1849.671,       4.984,      12.674,       6.818,57823,  318,  491.683456,  231.630816,   78.845201,    2268.061
    4531.334,    1839.666,       4.978,      12.659,       6.813,57823,  311,  489.735572,  231.070182,   78.342985,    2265.223
    4541.339,    1829.661,       4.973,      12.644,       6.808,57823,  305,  487.731340,  230.511384,   77.846456,    2262.383
    4551.344,    1819.656,       4.968,      12.629,       6.803,57823,  298,  485.787638,  229.954759,   77.368801,    2259.542
    4561.349,    1809.651,       4.963,      12.616,       6.799,57823,  292,  484.110108,  229.400276,   76.871366,    2256.698
    4571.353,    1799.647,       4.958,      12.603,       6.794,57823,  287,  482.385110,  228.846265,   76.374991,    2253.852
    4581.358,    1789.642,       4.953,      12.590,       6.789,57823,  282,  480.652473,  228.290018,   75.879556,    2251.004
    4591.363,    1779.637,       4.948,      12.576,       6.784,57823,  277,  478.911370,  227.730952,   75.389003,    2248.153
    4601.368,    1769.632,       4.943,      12.562,       6.779,57823,  272,  477.151974,  227.169835,   74.897454,    2245.299
    4611.373,    1759.627,       4.938,      12.548,       6.774,57823,  268,  475.339553,  226.606962,   74.402768,    2242.443
    4621.377,    1749.623,       4.933,      12.534,       6.769,57823,  264,  473.492030,  226.042288,   73.911376,    2239.582
    4631.382,    1739.618,       4.928,      12.523,       6.764,57823,  260,  472.128015,  225.475552,   73.418898,    2236.718
    4641.387,    1729.613,       4.922,      12.512,       6.759,57823,  257,  470.687140,  224.906144,   72.927834,    2233.850
    4651.392,    1719.608,       4.917,      12.500,       6.754,57823,  254,  469.178215,  224.333136,   72.436162,    2230.978
    4661.396,    1709.604,       4.912,      12.488,       6.749,57823,  251,  467.664917,  223.757419,   71.944936,    2228.101
    4671.401,    1699.599,       4.907,      12.475,       6.744,57823,  249,  466.145198,  223.181234,   71.457279,    2225.219
    4681.406,    1689.594,       4.902,      12.463,       6.739,57823,  246,  464.626579,  222.605843,   70.967137,    2222.332
    4691.411,    1679.589,       4.897,      12.451,       6.734,57823,  244,  463.130365,  222.031178,   70.478524,    2219.440
    4701.415,    1669.585,       4.892,      12.440,       6.729,57823,  242,  461.674655,  221.456909,   69.983166,    2216.542
    4711.420,    1659.580,       4.886,      12.428,       6.723,57823,  240,  460.170721,  220.882407,   69.505609,    2213.639
    4721.425,    1649.575,       4.881,      12.414,       6.718,57823,  238,  458.465932,  220.307075,   69.019416,    2210.729
    4731.430,    1639.570,       4.876,      12.399,       6.713,57823,  237,  456.694020,  219.730357,   68.534603,    2207.814
    4741.435,    1629.565,       4.871,      12.384,       6.708,57823,  236,  454.799886,  219.151988,   68.048659,    2204.892
    4751.439,    1619.561,       4.866,      12.368,       6.702,57823,  235,  452.848010,  218.572003,   67.562826,    2201.964
    4761.444,    1609.556,       4.860,      12.352,       6.697,57823,  235,  450.907591,  217.990542,   67.077869,    2199.029
    4771.449,    1599.551,       4.855,      12.336,       6.692,57823,  235,  448.983960,  217.408992,   66.593531,    2196.086
    4781.454,    1589.546,       4.850,      12.320,       6.686,57823,  235,  447.060730,  216.831431,   66.109999,    2193.136
    4791.458,    1579.542,       4.845,      12.304,       6.681,57823,  235,  445.123167,  216.261422,   65.626709,    2190.179
    4801.463,    1569.537,       4.839,      12.288,       6.676,57823,  235,  443.167407,  215.696661,   65.145177,    2187.212
    4811.468,    1559.532,       4.834,      12.272,       6.671,57823,  235,  441.167416,  215.134587,   64.663279,    2184.237
    4821.473,    1549.527,       4.829,      12.254,       6.666,57823,  235,  438.994142,  214.575349,   64.183403,    2181.253
    4831.477,    1539.523,       4.824,      12.240,       6.661,57823,  235,  437.378048,  214.020047,   63.702936,    2178.259
    4841.482,    1529.518,       4.819,      12.228,       6.656,57823,  235,  435.817346,  213.469857,   63.224236,    2175.256
    4851.487,    1519.513,       4.813,      12.213,       6.651,57823,  235,  434.099710,  212.927209,   62.744212,    2172.242
    4861.492,    1509.508,       4.808,      12.199,       6.646,57823,  235,  432.399204,  212.386781,   62.264484,    2169.217
    4871.497,    1499.503,       4.803,      12.185,       6.641,57823,  235,  430.751335,  211.838775,   61.785971,    2166.182
    4881.501,    1489.499,       4.798,      12.171,       6.636,57823,  235,  429.055506,  211.288415,   61.307589,    2163.137
    4891.506,    1479.494,       4.793,      12.155,       6.631,57823,  235,  427.223931,  210.736542,   60.825136,    2160.080
    4901.511,    1469.489,       4.788,      12.142,       6.625,57823,  235,  425.671427,  210.184601,   60.348454,    2157.012
    4911.516,    1459.484,       4.783,      12.130,       6.620,57823,  235,  424.294411,  209.636128,   59.870911,    2153.934
    4921.520,    1449.480,       4.778,      12.119,       6.615,57823,  235,  422.905050,  209.093246,   59.396134,    2150.845
    4931.525,    1439.475,       4.773,      12.106,       6.610,57823,  235,  421.475159,  208.535551,   58.921145,    2147.746
    4941.530,    1429.470,       4.768,      12.093,       6.604,57823,  235,  420.014867,  207.949978,   58.447901,    2144.637
    4951.535,    1419.465,       4.763,      12.080,       6.598,57823,  235,  418.550562,  207.355917,   57.973470,    2141.518
    4961.540,    1409.460,       4.757,      12.067,       6.592,57823,  235,  417.088667,  206.760089,   57.499714,    2138.389
    4971.544,    1399.456,       4.752,      12.054,       6.587,57823,  235,  415.619045,  206.163970,   57.025829,    2135.252
    4981.549,    1389.451,       4.747,      12.041,       6.581,57823,  235,  414.121954,  205.570249,   56.552554,    2132.106
    4991.554,    1379.446,       4.742,      12.027,       6.575,57823,  235,  412.626396,  204.979082,   56.080950,    2128.952
    5001.559,    1369.441,       4.737,      12.013,       6.569,57823,  235,  411.117976,  204.372438,   55.608733,    2125.789
    5011.564,    1359.436,       4.731,      11.999,       6.563,57823,  235,  409.560325,  203.758714,   55.137219,    2122.618
    5021.568,    1349.432,       4.726,      11.985,       6.556,57823,  235,  407.928157,  203.144189,   54.663472,    2119.439
    5031.573,    1339.427,       4.720,      11.970,       6.550,57823,  235,  406.282350,  202.528846,   54.194829,    2116.252
    5041.578,    1329.422,       4.715,      11.955,       6.544,57823,  235,  404.638890,  201.912918,   53.723562,    2113.058
    5051.583,    1319.417,       4.709,      11.940,       6.538,57823,  235,  402.996448,  201.296716,   53.256870,    2109.856
    5061.587,    1309.413,       4.704,      11.925,       6.532,57823,  235,  401.353971,  200.680864,   52.789378,    2106.646
    5071.592,    1299.408,       4.698,      11.910,       6.526,57823,  235,  399.709628,  200.066020,   52.320972,    2103.429
    5081.597,    1289.403,       4.693,      11.895,       6.519,57823,  235,  398.062129,  199.452893,   51.852413,    2100.204
    5091.602,    1279.398,       4.687,      11.880,       6.513,57823,  235,  396.410707,  198.841774,   51.380514,    2096.970
    5101.606,    1269.394,       4.682,      11.865,       6.507,57823,  235,  394.755314,  198.232793,   50.915188,    2093.730
    5111.611,    1259.389,       4.676,      11.850,       6.501,57823,  235,  393.095808,  197.625710,   50.450183,    2090.480
    5121.616,    1249.384,       4.671,      11.834,       6.495,57823,  235,  391.433356,  197.019916,   49.989074,    2087.223
    5131.621,    1239.379,       4.665,      11.819,       6.489,57823,  235,  389.769900,  196.414078,   49.524329,    2083.958
    5141.626,    1229.374,       4.659,      11.804,       6.483,57823,  235,  388.107029,  195.807113,   49.060944,    2080.684
    5151.630,    1219.370,       4.654,      11.788,       6.476,57823,  235,  386.445261,  195.198794,   48.597072,    2077.403
    5161.635,    1209.365,       4.648,      11.773,       6.470,57823,  235,  384.784078,  194.588939,   48.133608,    2074.113
    5171.640,    1199.360,       4.643,      11.757,       6.464,57823,  235,  383.123562,  193.977417,   47.670240,    2070.814
    5181.645,    1189.355,       4.637,      11.742,       6.458,57823,  235,  381.463804,  193.364065,   47.208224,    2067.507
    5191.649,    1179.351,       4.631,      11.726,       6.451,57823,  235,  379.805077,  192.748810,   46.747471,    2064.192
    5201.654,    1169.346,       4.626,      11.710,       6.445,57823,  235,  378.145774,  192.131298,   46.284406,    2060.868
    5211.659,    1159.341,       4.620,      11.695,       6.438,57823,  235,  376.480075,  191.511799,   45.824888,    2057.536
    5221.664,    1149.336,       4.614,      11.678,       6.432,57823,  235,  374.800116,  190.891255,   45.360181,    2054.195
    5231.668,    1139.332,       4.609,      11.662,       6.425,57823,  235,  373.107341,  190.270542,   44.901341,    2050.846
    5241.673,    1129.327,       4.603,      11.646,       6.419,57823,  235,  371.406718,  189.649701,   44.444095,    2047.487
    5251.678,    1119.322,       4.597,      11.629,       6.412,57823,  235,  369.699625,  189.028622,   43.987207,    2044.120
    5261.683,    1109.317,       4.591,      11.613,       6.406,57823,  235,  367.983133,  188.407073,   43.530531,    2040.744
    5271.688,    1099.312,       4.586,      11.596,       6.399,57823,  235,  366.252253,  187.784801,   43.074459,    2037.360
    5281.692,    1089.308,       4.580,      11.579,       6.393,57823,  235,  364.526421,  187.161653,   42.618686,    2033.967
    5291.697,    1079.303,       4.574,      11.563,       6.386,57823,  235,  362.824417,  186.537413,   42.160037,    2030.565
    5301.702,    1069.298,       4.568,      11.546,       6.379,57823,  235,  361.130839,  185.912152,   41.707198,    2027.154
    5311.707,    1059.293,       4.563,      11.529,       6.373,57823,  235,  359.441915,  185.285968,   41.247713,    2023.735
    5321.712,    1049.288,       4.557,      11.513,       6.366,57823,  235,  357.764063,  184.659071,   40.797329,    2020.306
    5331.716,    1039.284,       4.551,      11.496,       6.359,57823,  235,  356.101181,  184.031772,   40.344162,    2016.869
    5341.721,    1029.279,       4.545,      11.480,       6.352,57823,  235,  354.446399,  183.404102,   39.893190,    2013.421
    5351.726,    1019.274,       4.539,      11.463,       6.345,57823,  235,  352.794270,  182.776150,   39.436550,    2009.962
    5361.731,    1009.269,       4.534,      11.447,       6.339,57823,  235,  351.143305,  182.147826,   38.988099,    2006.493
    5371.735,     999.265,       4.528,      11.430,       6.332,57823,  235,  349.479043,  181.518700,   38.536476,    2003.012
    5381.740,     989.260,       4.522,      11.413,       6.325,57823,  235,  347.807571,  180.887180,   38.085310,    1999.521
    5391.745,     979.255,       4.516,      11.396,       6.318,57823,  235,  346.139255,  180.251222,   37.638105,    1996.021
    5401.750,     969.250,       4.510,      11.379,       6.311,57823,  235,  344.482059,  179.610203,   37.189450,    1992.515
    5411.755,     959.245,       4.504,      11.362,       6.304,57823,  235,  342.831296,  178.965358,   36.740396,    1989.006
    5421.759,     949.241,       4.498,      11.345,       6.296,57823,  235,  341.145949,  178.317863,   36.291711,    1985.497
    5431.764,     939.236,       4.492,      11.327,       6.289,57823,  235,  339.410449,  177.668074,   35.843760,    1981.988
    5441.769,     929.231,       4.486,      11.309,       6.282,57823,  235,  337.661888,  177.016437,   35.394993,    1978.479
    5451.774,     919.226,       4.480,      11.290,       6.274,57823,  235,  335.918743,  176.363117,   34.947345,    1974.968
    5461.778,     909.222,       4.474,      11.272,       6.267,57823,  235,  334.186821,  175.707867,   34.501237,    1971.452
    5471.783,     899.217,       4.468,      11.254,       6.259,57823,  235,  332.468547,  175.050594,   34.049243,    1967.923
    5481.788,     889.212,       4.462,      11.236,       6.252,57823,  235,  330.763562,  174.392731,   33.606544,    1964.376
    5491.793,     879.207,       4.456,      11.218,       6.244,57823,  235,  329.069603,  173.736040,   33.161154,    1960.801
    5501.797,     869.203,       4.450,      11.200,       6.237,57823,  235,  327.384902,  173.081746,   32.719923,    1957.189
    5511.802,     859.198,       4.444,      11.182,       6.229,57823,  235,  325.707500,  172.430625,   32.274389,    1953.529
    5521.807,     849.193,       4.438,      11.164,       6.222,57823,  235,  324.044812,  171.777119,   31.833425,    1949.811
    5531.812,     839.188,       4.432,      11.146,       6.213,57823,  235,  322.441580,  171.086993,   31.391154,    1946.023
    5541.817,     829.183,       4.426,      11.128,       6.205,57823,  235,  320.867737,  170.381485,   30.952912,    1942.349
    5551.821,     819.179,       4.420,      11.110,       6.196,57823,  235,  319.284621,  169.689155,   30.512430,    1938.468
    5561.826,     809.174,       4.413,      11.092,       6.188,57823,  235,  317.700871,  169.001304,   30.072156,    1934.394
    5571.831,     799.169,       4.407,      11.074,       6.180,57823,  235,  316.115524,  168.316092,   29.631449,    1930.139
    5581.836,     789.164,       4.401,      11.057,       6.172,57823,  235,  314.519508,  167.637863,   29.190974,    1925.719
    5591.840,     779.160,       4.395,      11.039,       6.164,57823,  235,  312.908497,  166.968322,   28.751362,    1921.148
    5601.845,     769.155,       4.389,      11.020,       6.155,57823,  235,  311.265015,  166.267973,   28.316075,    1916.440
    5611.850,     759.150,       4.383,      10.997,       6.146,57823,  235,  309.300194,  165.541309,   27.878212,    1911.615
    5621.855,     749.145,       4.376,      10.972,       6.137,57823,  235,  307.064156,  164.815737,   27.440906,    1906.688
    5631.859,     739.141,       4.370,      10.948,       6.128,57823,  235,  304.998378,  164.092564,   27.003592,    1901.681
    5641.864,     729.136,       4.364,      10.924,       6.118,57823,  235,  302.996194,  163.371936,   26.569355,    1896.612
    5651.869,     719.131,       4.358,      10.901,       6.109,57823,  235,  301.014270,  162.653953,   26.132870,    1891.501
    5661.874,     709.126,       4.352,      10.887,       6.100,57823,  235,  299.847604,  161.938521,   25.714873,    1886.369
    5671.879,     699.121,       4.345,      10.868,       6.091,57823,  235,  298.332547,  161.225549,   25.279666,    1881.233
    5681.883,     689.117,       4.339,      10.850,       6.082,57823,  235,  296.821950,  160.515032,   24.845665,    1876.110
    5691.888,     679.112,       4.333,      10.832,       6.073,57823,  235,  295.315662,  159.806768,   24.323335,    1871.011
    5701.893,     669.107,       4.274,      10.671,       5.886,57823,  182,  289.208110,  148.040621,   23.986576,    1865.947
    5711.898,     659.102,       4.170,      10.481,       5.717,57823,  118,  276.410072,  136.299773,   23.491421,    1860.925
    5721.903,     649.097,       4.072,      10.306,       5.569,57823,  124,  264.147287,  126.281001,   23.082646,    1855.948
    5731.907,     639.093,       4.007,      10.168,       5.465,57823,  122,  254.745951,  119.669379,   22.686258,    1851.016
    5741.912,     629.088,       3.974,      10.088,       5.413,57823,  125,  249.140879,  116.462870,   22.244503,    1846.135
    5751.917,     619.083,       3.967,      10.049,       5.394,57823,  122,  246.665919,  115.420605,   21.857141,    1841.294
    5761.922,     609.078,       3.955,      10.024,       5.387,57823,  121,  244.418291,  114.785655,   21.463078,    1836.485
    5771.926,     599.074,       3.942,      10.001,       5.379,57823,  122,  242.218745,  114.033018,   21.069855,    1831.700
    5781.931,     589.069,       3.928,       9.978,       5.369,57823,  122,  240.096660,  113.230019,   20.677428,    1826.931
    5791.936,     579.064,       3.919,       9.955,       5.357,57823,  122,  238.397153,  112.449475,   20.285802,    1822.173
    5801.941,     569.059,       3.910,       9.932,       5.342,57823,  122,  236.950550,  111.562718,   19.894059,    1817.419
    5811.945,     559.055,       3.907,       9.901,       5.323,57823,  122,  235.459480,  110.700867,   19.505136,    1812.382
    5821.950,     549.050,       3.895,       9.860,       5.299,57823,  121,  232.842536,  109.374145,   19.117041,    1807.295
    5831.955,     539.045,       3.876,       9.802,       5.270,57823,  121,  228.855923,  107.648123,   18.728142,    1802.161
    5841.960,     529.040,       3.849,       9.742,       5.237,57823,  122,  224.530645,  105.555695,   18.345934,    1796.986
    5851.965,     519.035,       3.834,       9.692,       5.205,57823,  122,  221.669552,  103.853755,   17.964255,    1791.775
    5861.969,     509.031,       3.822,       9.642,       5.177,57823,  122,  218.723027,  102.429303,   17.586259,    1786.534
    5871.974,     499.026,       3.811,       9.609,       5.155,57823,  122,  216.836921,  101.282764,   17.206084,    1781.323
    5881.979,     489.021,       3.802,       9.578,       5.136,57823,  125,  215.039068,  100.291946,   16.827426,    1776.011
    5891.984,     479.016,       3.792,       9.548,       5.118,57823,  124,  213.281364,   99.328067,   16.449405,    1770.655
    5901.989,     469.011,       3.785,       9.518,       5.099,57823,  123,  211.650864,   98.429412,   16.062309,    1765.294
    5911.993,     459.007,       3.778,       9.487,       5.081,57823,  123,  209.991115,   97.528876,   15.694307,    1759.952
    5921.998,     449.002,       3.769,       9.457,       5.063,57823,  124,  208.276479,   96.624580,   15.311401,    1754.641
    5932.003,     438.997,       3.760,       9.406,       5.046,57823,  123,  205.047516,   95.720946,   14.946593,    1749.365
    5942.008,     428.992,       3.751,       9.342,       5.027,57823,  123,  200.991924,   94.791557,   14.564377,    1743.829
    5952.012,     418.988,       3.724,       9.236,       4.969,57823,  125,  195.078021,   91.938431,   14.188669,    1738.347
    5962.017,     408.983,       3.681,       9.072,       4.876,57823,  126,  186.254886,   87.538426,   13.816916,    1732.927
    5972.022,     398.978,       3.620,       8.937,       4.765,57823,  123,  179.526992,   82.206548,   13.466430,    1727.581
    5982.027,     388.973,       3.578,       8.819,       4.698,57823,  123,  172.995985,   78.969780,   13.111383,    1722.318
    5992.032,     378.968,       3.553,       8.738,       4.649,57823,  125,  168.847393,   76.789173,   12.758972,    1717.150
    6002.036,     368.964,       3.547,       8.686,       4.641,57823,  123,  165.763093,   76.374261,   12.406331,    1712.089
    6012.041,     358.959,       3.537,       8.657,       4.632,57823,  123,  163.863632,   75.888186,   12.055066,    1707.137
    6022.046,     348.954,       3.528,       8.629,       4.623,57823,  122,  162.138363,   75.395048,   11.704539,    1702.308
    6032.051,     338.949,       3.519,       8.601,       4.613,57823,  123,  160.475586,   74.900988,   11.354995,    1697.699
    6042.055,     328.945,       3.511,       8.573,       4.602,57823,  123,  158.879416,   74.358132,   11.006780,    1692.996
    6052.060,     318.940,       3.502,       8.544,       4.591,57823,  121,  157.250363,   73.798666,   10.658336,    1688.421
    6062.065,     308.935,       3.493,       8.514,       4.578,57823,  124,  155.604610,   73.208318,   10.312174,    1684.170
    6072.070,     298.930,       3.484,       8.483,       4.565,57823,  123,  153.911807,   72.616893,    9.966835,    1680.316
    6082.074,     288.926,       3.475,       8.451,       4.553,57823,  125,  152.188059,   72.031297,    9.623243,    1676.651
    6092.079,     278.921,       3.466,       8.419,       4.542,57823,  126,  150.387534,   71.506379,    9.279687,    1673.172
    6102.084,     268.916,       3.458,       8.388,       4.531,57823,  127,  148.608063,   70.984682,    8.937132,    1669.881
    6112.089,     258.911,       3.449,       8.357,       4.522,57823,  128,  146.860126,   70.534642,    8.596246,    1666.778
    6122.093,     248.907,       3.440,       8.328,       4.514,57823,  130,  145.156209,   70.086927,    8.256308,    1663.863
    6132.098,     238.902,       3.432,       8.299,       4.505,57823,  131,  143.516599,   69.639501,    7.916196,    1661.135
    6142.103,     228.897,       3.423,       8.273,       4.489,57823,  133,  142.312973,   68.959745,    7.578208,    1658.595
    6152.108,     218.892,       3.414,       8.242,       4.474,57823,  143,  140.776414,   68.345231,    7.240924,    1656.242
    6162.113,     208.887,       3.404,       8.213,       4.463,57823,  145,  139.244946,   67.795980,    6.904108,    1654.077
    6172.117,     198.883,       3.395,       8.191,       4.461,57823,  148,  137.685807,   67.538042,    6.568285,    1652.100
    6182.122,     188.878,       3.386,       8.169,       4.459,57823,  142,  136.207818,   67.310231,    6.234135,    1650.311
    6187.217,     183.783,       3.380,       8.158,       4.458,57823,  138,  135.389576,   67.158428,    6.064176,    1649.471
    6192.312,     178.688,       3.375,       8.147,       4.457,57823,  140,  134.619830,   67.028211,    5.894239,    1643.504
    6197.408,     173.592,       3.370,       8.137,       4.456,57823,  141,  133.906358,   66.918207,    5.725436,    1631.730
    6202.503,     168.497,       3.369,       8.127,       4.455,57823,  144,  133.371772,   66.874533,    5.556062,    1615.294
    6207.598,     163.402,       3.368,       8.120,       4.455,57823,  143,  132.923257,   66.838326,    5.386948,    1594.218
    6212.693,     158.307,       3.367,       8.114,       4.454,57823,  142,  132.565831,   66.790531,    5.219735,    1568.683
    6217.788,     153.212,       3.365,       8.109,       4.452,57823,  132,  132.327372,   66.714149,    5.051114,    1539.241
    6222.883,     148.117,       3.364,       8.106,       4.451,57823,  123,  132.188732,   66.631154,    4.881806,    1506.634
    6227.979,     143.021,       3.363,       8.105,       4.453,57823,  122,  132.005400,   66.682420,    4.713108,    1471.344
    6233.074,     137.926,       3.361,       8.102,       4.457,57823,  124,  131.657357,   66.755215,    4.544615,    1432.630
    6238.169,     132.831,       3.359,       8.111,       4.460,57823,  124,  131.899837,   66.836035,    4.373263,    1389.029
    6243.264,     127.736,       3.359,       8.120,       4.464,57823,  122,  132.257346,   66.938580,    4.204993,    1343.704
    6248.359,     122.641,       3.359,       8.129,       4.469,57823,  122,  132.544962,   67.091065,    4.036489,    1296.997
    6253.454,     117.546,       3.360,       8.138,       4.474,57823,  121,  132.842924,   67.246780,    3.869325,    1250.283
    6258.549,     112.451,       3.360,       8.147,       4.479,57823,  121,  133.138872,   67.400469,    3.700807,    1204.108
    6263.645,     107.355,       3.360,       8.156,       4.484,57823,  125,  133.432589,   67.552106,    3.531902,    1159.015
    6268.740,     102.260,       3.360,       8.165,       4.489,57823,  150,  133.725318,   67.702258,    3.363639,    1115.350
    6273.835,      97.165,       3.360,       8.174,       4.494,57823,  452,  134.020115,   67.852425,    3.195170,    1073.141
    6278.930,      92.070,       3.360,       8.184,       4.499,57823,  499,  134.358688,   67.998281,    3.026611,    1032.057
    6284.025,      86.975,       3.360,       8.193,       4.503,57823,  497,  134.725831,   68.133196,    2.858404,     991.326
    6289.120,      81.880,       3.360,       8.204,       4.507,57823,  538,  135.122123,   68.256365,    2.689886,     949.208
    6294.216,      76.784,       3.360,       8.213,       4.511,57823,  539,  135.503585,   68.372193,    2.521302,     907.081
    6299.311,      71.689,       3.360,       8.223,       4.515,57823,  540,  135.883773,   68.487374,    2.352903,     864.962
    6304.406,      66.594,       3.360,       8.233,       4.518,57823,  540,  136.261924,   68.602581,    2.184844,     822.843
    6309.501,      61.499,       3.360,       8.242,       4.522,57823,  540,  136.638083,   68.718475,    2.016314,     780.724
    6314.596,      56.404,       3.360,       8.252,       4.526,57823,  540,  137.014564,   68.834373,    1.847639,     738.605
    6319.691,      51.309,       3.360,       8.261,       4.530,57823,  540,  137.391116,   68.950418,    1.679215,     696.485
    6324.786,      46.214,       3.358,       8.271,       4.534,57823,  540,  137.694888,   69.030155,    1.510838,     654.366
    6329.882,      41.118,       3.358,       8.281,       4.538,57823,  540,  138.075057,   69.148485,    1.342780,     612.237
    6334.977,      36.023,       3.358,       8.290,       4.542,57823,  540,  138.454938,   69.267014,    1.175923,     570.117
    6340.072,      30.928,       3.316,       7.840,       4.328,57823,  540,  121.030458,   62.103873,    1.008385,     527.996
    6345.167,      25.833,       3.252,       7.444,       4.109,57823,  540,  106.992755,   54.920229,    0.840513,     485.874
    6350.262,      20.738,       3.168,       7.058,       3.887,57823,  540,   93.995633,   47.864580,    0.673389,     443.751
    6350.262,      20.738,       3.168,       7.058,       3.887,57823,  540,   93.995633,   47.864580,    0.673389,     443.751
    6357.249,      13.751,       2.584,       5.757,       3.170,57823,  540,   51.005865,   25.968257,    0.445371,     385.985
    6357.249,      13.751,       2.584,       5.757,       3.170,57823,  540,   51.005865,   25.968257,    0.445371,     385.985
    6371.000,       0.000,       2.589,       5.768,       3.177,57823,  540,   51.312880,   26.134843,    0.002847,     272.617
