radius[km],depth[km],density[g/cm**3],vp[km/s],vs[km/s],qkappa,qmu,K[GPa],mu[GPa],pressure[GPa],temperature[K]
       0.000,    6371.000,      13.004,      11.210,       3.627, 1254,   51, 1406.104337,  171.065232,  353.707565,       0.000
      31.320,    6339.680,      13.001,      11.208,       3.626, 1254,   51, 1405.420570,  170.896605,  353.689982,       0.000
      62.641,    6308.359,      12.998,      11.206,       3.624, 1254,   51, 1404.719792,  170.724633,  353.621264,       0.000
      93.962,    6277.038,      12.995,      11.204,       3.623, 1254,   51, 1404.001864,  170.549470,  353.505738,       0.000
     125.282,    6245.718,      12.992,      11.202,       3.621, 1254,   51, 1403.268074,  170.371274,  353.343796,       0.000
     156.603,    6214.397,      12.989,      11.200,       3.620, 1254,   51, 1402.520440,  170.190259,  353.135536,       0.000
     187.923,    6183.077,      12.986,      11.198,       3.618, 1254,   51, 1401.761402,  170.006588,  352.881014,       0.000
     219.244,    6151.756,      12.983,      11.196,       3.617, 1254,   51, 1400.994378,  169.820243,  352.580278,       0.000
     250.564,    6120.436,      12.980,      11.194,       3.615, 1254,   51, 1400.224327,  169.630909,  352.233378,       0.000
     281.885,    6089.115,      12.977,      11.192,       3.613, 1254,   51, 1399.445782,  169.435920,  351.840370,       0.000
     313.205,    6057.795,      12.973,      11.189,       3.611, 1254,   51, 1398.421168,  169.191524,  351.401313,       0.000
     344.526,    6026.474,      12.968,      11.185,       3.609, 1254,   51, 1397.290419,  168.922397,  350.916276,       0.000
     375.846,    5995.154,      12.963,      11.182,       3.607, 1254,   51, 1396.051734,  168.628995,  350.385334,       0.000
     407.167,    5963.833,      12.958,      11.178,       3.604, 1254,   51, 1394.703258,  168.312636,  349.808567,       0.000
     438.487,    5932.513,      12.952,      11.174,       3.601, 1254,   51, 1393.247463,  167.971486,  349.186065,       0.000
     469.808,    5901.192,      12.946,      11.169,       3.598, 1254,   51, 1391.684318,  167.602836,  348.517924,       0.000
     501.128,    5869.872,      12.940,      11.165,       3.595, 1254,   51, 1390.023113,  167.206440,  347.804245,       0.000
     532.449,    5838.551,      12.933,      11.160,       3.591, 1254,   51, 1388.268247,  166.783801,  347.045140,       0.000
     563.769,    5807.231,      12.926,      11.154,       3.587, 1254,   51, 1386.411924,  166.336888,  346.240726,       0.000
     595.090,    5775.910,      12.918,      11.149,       3.583, 1254,   51, 1384.447982,  165.868596,  345.391126,       0.000
     626.410,    5744.590,      12.910,      11.143,       3.579, 1254,   51, 1382.372370,  165.379483,  344.496472,       0.000
     657.731,    5713.269,      12.902,      11.136,       3.575, 1254,   51, 1380.179906,  164.869103,  343.556902,       0.000
     689.051,    5681.949,      12.893,      11.130,       3.570, 1254,   51, 1377.872663,  164.332520,  342.572563,       0.000
     720.372,    5650.628,      12.883,      11.123,       3.565, 1254,   51, 1375.457457,  163.766992,  341.543607,       0.000
     751.692,    5619.308,      12.873,      11.115,       3.560, 1254,   51, 1372.936010,  163.175125,  340.470194,       0.000
     783.013,    5587.987,      12.863,      11.108,       3.555, 1254,   51, 1370.304275,  162.563118,  339.352489,       0.000
     814.333,    5556.667,      12.852,      11.100,       3.550, 1254,   51, 1367.564019,  161.930686,  338.190668,       0.000
     845.654,    5525.346,      12.841,      11.092,       3.544, 1254,   51, 1364.715678,  161.273558,  336.984910,       0.000
     876.974,    5494.026,      12.829,      11.083,       3.538, 1254,   51, 1361.765840,  160.588707,  335.735404,       0.000
     908.295,    5462.705,      12.817,      11.074,       3.532, 1254,   51, 1358.716657,  159.879111,  334.442344,       0.000
     939.615,    5431.385,      12.805,      11.065,       3.526, 1254,   51, 1355.562597,  159.151325,  333.105932,       0.000
     970.936,    5400.064,      12.791,      11.055,       3.519, 1254,   51, 1352.177272,  158.379410,  331.726375,       0.000
    1002.256,    5368.744,      12.778,      11.045,       3.512, 1254,   51, 1348.770917,  157.610901,  330.303889,       0.000
    1033.577,    5337.423,      12.764,      11.036,       3.505, 1254,   51, 1345.360358,  156.844314,  328.838697,       0.000
    1064.897,    5306.103,      12.751,      11.026,       3.499, 1254,   51, 1341.946487,  156.078376,  327.331026,       0.000
    1096.218,    5274.782,      12.737,      11.016,       3.492, 1254,   51, 1338.527637,  155.312503,  325.781113,       0.000
    1127.539,    5243.461,      12.724,      11.006,       3.485, 1254,   51, 1335.102022,  154.546372,  324.189200,       0.000
    1158.859,    5212.141,      12.710,      10.996,       3.478, 1254,   51, 1331.667746,  153.779828,  322.555535,       0.000
    1190.179,    5180.820,      12.696,      10.986,       3.472, 1254,   51, 1328.222998,  153.012878,  320.880374,       0.000
    1221.500,    5149.500,      12.683,      10.976,       3.465, 1254,   51, 1324.767021,  152.245715,  319.163980,       0.000
    1221.500,    5149.500,      12.282,       9.958,       0.000,57823,   -0, 1217.928519,    0.000000,  319.161718,       0.000
    1279.410,    5091.590,      12.242,       9.926,       0.000,57823,   -0, 1206.016428,    0.000000,  317.655667,       0.000
    1337.321,    5033.680,      12.201,       9.893,       0.000,57823,   -0, 1194.121864,    0.000000,  315.528996,       0.000
    1395.231,    4975.769,      12.160,       9.860,       0.000,57823,   -0, 1182.246966,    0.000000,  312.270743,       0.000
    1453.141,    4917.859,      12.119,       9.827,       0.000,57823,   -0, 1170.395857,    0.000000,  309.577512,       0.000
    1511.051,    4859.949,      12.078,       9.794,       0.000,57823,   -0, 1158.574137,    0.000000,  306.779709,       0.000
    1568.961,    4802.039,      12.037,       9.761,       0.000,57823,   -0, 1146.787646,    0.000000,  303.564634,       0.000
    1626.872,    4744.128,      11.995,       9.727,       0.000,57823,   -0, 1135.041915,    0.000000,  300.341025,       0.000
    1684.782,    4686.218,      11.954,       9.694,       0.000,57823,   -0, 1123.341142,    0.000000,  296.822315,       0.000
    1742.692,    4628.308,      11.912,       9.660,       0.000,57823,   -0, 1111.645786,    0.000000,  293.212901,       0.000
    1800.603,    4570.397,      11.868,       9.623,       0.000,57823,   -0, 1099.125360,    0.000000,  289.408325,       0.000
    1858.513,    4512.487,      11.823,       9.585,       0.000,57823,   -0, 1086.276253,    0.000000,  285.752788,       0.000
    1916.423,    4454.577,      11.777,       9.546,       0.000,57823,   -0, 1073.089576,    0.000000,  281.651448,       0.000
    1974.333,    4396.667,      11.730,       9.504,       0.000,57823,   -0, 1059.557947,    0.000000,  277.353490,       0.000
    2032.244,    4338.756,      11.681,       9.462,       0.000,57823,   -0, 1045.678797,    0.000000,  273.121224,       0.000
    2090.154,    4280.846,      11.631,       9.417,       0.000,57823,   -0, 1031.454219,    0.000000,  268.641232,       0.000
    2148.064,    4222.936,      11.579,       9.371,       0.000,57823,   -0, 1016.886911,    0.000000,  264.029435,       0.000
    2205.974,    4165.026,      11.526,       9.324,       0.000,57823,   -0, 1001.980281,    0.000000,  259.338557,       0.000
    2263.885,    4107.115,      11.471,       9.275,       0.000,57823,   -0,  986.735661,    0.000000,  254.546869,       0.000
    2321.795,    4049.205,      11.415,       9.224,       0.000,57823,   -0,  971.154978,    0.000000,  249.551721,       0.000
    2379.705,    3991.295,      11.357,       9.171,       0.000,57823,   -0,  955.241838,    0.000000,  244.559791,       0.000
    2437.615,    3933.385,      11.298,       9.117,       0.000,57823,   -0,  938.999282,    0.000000,  239.384064,       0.000
    2495.526,    3875.474,      11.237,       9.060,       0.000,57823,   -0,  922.430638,    0.000000,  234.141208,       0.000
    2553.436,    3817.564,      11.173,       9.002,       0.000,57823,   -0,  905.544122,    0.000000,  228.753375,       0.000
    2611.346,    3759.654,      11.108,       8.943,       0.000,57823,   -0,  888.347294,    0.000000,  223.364957,       0.000
    2669.256,    3701.744,      11.041,       8.881,       0.000,57823,   -0,  870.842997,    0.000000,  217.903925,       0.000
    2727.167,    3643.833,      10.972,       8.817,       0.000,57823,   -0,  853.030818,    0.000000,  212.360369,       0.000
    2785.077,    3585.923,      10.901,       8.752,       0.000,57823,   -0,  834.915996,    0.000000,  206.711933,       0.000
    2842.987,    3528.013,      10.828,       8.684,       0.000,57823,   -0,  816.514628,    0.000000,  201.069709,       0.000
    2900.897,    3470.103,      10.752,       8.614,       0.000,57823,   -0,  797.857813,    0.000000,  195.301176,       0.000
    2958.808,    3412.192,      10.674,       8.543,       0.000,57823,   -0,  778.988359,    0.000000,  189.496182,       0.000
    3016.718,    3354.282,      10.592,       8.467,       0.000,57823,   -0,  759.319800,    0.000000,  183.606944,       0.000
    3074.628,    3296.372,      10.510,       8.390,       0.000,57823,   -0,  739.896170,    0.000000,  177.665103,       0.000
    3132.539,    3238.461,      10.427,       8.314,       0.000,57823,   -0,  720.759248,    0.000000,  171.696820,       0.000
    3190.449,    3180.551,      10.344,       8.237,       0.000,57823,   -0,  701.906606,    0.000000,  165.694316,       0.000
    3248.359,    3122.641,      10.261,       8.161,       0.000,57823,   -0,  683.331765,    0.000000,  159.638602,       0.000
    3306.269,    3064.731,      10.178,       8.083,       0.000,57823,   -0,  665.028066,    0.000000,  153.552262,       0.000
    3364.180,    3006.820,      10.094,       8.006,       0.000,57823,   -0,  646.989060,    0.000000,  147.458105,       0.000
    3422.090,    2948.910,      10.010,       7.928,       0.000,57823,   -0,  629.211280,    0.000000,  141.299823,       0.000
    3480.000,    2891.000,       9.925,       7.850,       0.000,57823,   -0,  611.694107,    0.000000,  135.135851,       0.000
    3480.000,    2891.000,       5.542,      13.787,       7.417,57823, 8000,  646.937186,  304.852661,  135.132027,    2514.333
    3485.014,    2885.986,       5.539,      13.781,       7.414,57823, 7906,  646.008768,  304.489276,  134.834963,    2512.798
    3490.029,    2880.971,       5.537,      13.775,       7.411,57823, 7814,  645.080600,  304.126592,  134.539894,    2511.263
    3495.043,    2875.957,       5.534,      13.769,       7.409,57823, 7722,  644.153129,  303.764706,  134.241184,    2509.729
    3500.057,    2870.943,       5.532,      13.763,       7.406,57823, 7630,  643.226274,  303.403463,  133.943793,    2508.194
    3505.071,    2865.929,       5.529,      13.757,       7.403,57823, 7540,  642.300136,  303.042770,  133.643251,    2506.659
    3510.086,    2860.914,       5.526,      13.751,       7.401,57823, 7450,  641.374592,  302.682466,  133.345367,    2505.124
    3515.100,    2855.900,       5.524,      13.745,       7.398,57823, 7361,  640.449930,  302.322680,  133.042365,    2503.589
    3520.114,    2850.886,       5.521,      13.739,       7.395,57823, 7273,  639.524658,  301.964438,  132.744936,    2502.055
    3525.129,    2845.871,       5.519,      13.733,       7.393,57823, 7186,  638.590131,  301.611650,  132.447464,    2500.520
    3530.143,    2840.857,       5.516,      13.726,       7.390,57823, 7099,  637.645206,  301.261014,  132.157135,    2498.985
    3535.157,    2835.843,       5.514,      13.720,       7.388,57823, 7013,  636.687014,  300.912064,  131.859082,    2497.451
    3540.171,    2830.829,       5.511,      13.714,       7.385,57823, 6928,  635.716009,  300.564445,  131.562588,    2495.916
    3545.186,    2825.814,       5.509,      13.708,       7.382,57823, 6843,  634.733509,  300.217821,  131.265779,    2494.381
    3550.200,    2820.800,       5.506,      13.701,       7.380,57823, 6759,  633.741429,  299.872224,  130.971502,    2492.846
    3555.214,    2815.786,       5.503,      13.695,       7.377,57823, 6676,  632.741316,  299.527734,  130.676538,    2491.311
    3560.229,    2810.771,       5.501,      13.688,       7.375,57823, 6594,  631.734394,  299.184658,  130.380911,    2489.776
    3565.243,    2805.757,       5.498,      13.682,       7.372,57823, 6512,  630.721729,  298.843414,  130.085126,    2488.241
    3570.257,    2800.743,       5.496,      13.675,       7.370,57823, 6431,  629.705002,  298.504004,  129.792316,    2486.707
    3575.271,    2795.729,       5.493,      13.668,       7.368,57823, 6350,  628.688026,  298.166564,  129.496324,    2485.172
    3580.286,    2790.714,       5.490,      13.662,       7.365,57823, 6271,  627.672986,  297.831280,  129.201828,    2483.636
    3585.300,    2785.700,       5.488,      13.655,       7.363,57823, 6192,  626.660033,  297.498195,  128.907650,    2482.101
    3590.314,    2780.686,       5.485,      13.649,       7.360,57823, 6114,  625.659745,  297.158337,  128.612788,    2480.566
    3595.329,    2775.671,       5.483,      13.642,       7.357,57823, 6036,  624.698251,  296.791317,  128.324779,    2479.030
    3600.343,    2770.657,       5.480,      13.636,       7.354,57823, 5959,  623.750504,  296.415067,  128.030485,    2477.494
    3605.357,    2765.643,       5.478,      13.629,       7.351,57823, 5883,  622.796615,  296.044234,  127.740838,    2475.958
    3610.371,    2760.629,       5.476,      13.622,       7.348,57823, 5808,  621.838697,  295.674100,  127.443605,    2474.421
    3615.386,    2755.614,       5.473,      13.616,       7.345,57823, 5733,  620.874805,  295.305914,  127.148583,    2472.884
    3620.400,    2750.600,       5.471,      13.609,       7.343,57823, 5659,  619.905220,  294.939345,  126.859043,    2471.345
    3625.414,    2745.586,       5.468,      13.602,       7.340,57823, 5585,  618.941818,  294.565737,  126.570134,    2469.704
    3630.429,    2740.571,       5.466,      13.595,       7.336,57823, 5513,  617.994270,  294.179157,  126.278698,    2467.940
    3635.443,    2735.557,       5.463,      13.588,       7.333,57823, 5440,  617.062876,  293.781268,  125.989103,    2466.013
    3640.457,    2730.543,       5.461,      13.582,       7.330,57823, 5369,  616.134954,  293.382023,  125.699149,    2463.885
    3645.471,    2725.529,       5.459,      13.575,       7.328,57823, 5298,  615.131011,  293.098567,  125.409565,    2461.566
    3650.486,    2720.514,       5.457,      13.568,       7.325,57823, 5228,  614.152402,  292.769778,  125.118737,    2459.112
    3655.500,    2715.500,       5.454,      13.561,       7.322,57823, 5159,  613.199130,  292.394274,  124.827461,    2456.596
    3660.514,    2710.486,       5.451,      13.555,       7.317,57823, 5090,  612.437222,  291.860047,  124.538809,    2454.077
    3665.529,    2705.471,       5.448,      13.551,       7.313,57823, 5021,  611.997289,  291.326364,  124.250785,    2451.587
    3670.543,    2700.457,       5.445,      13.547,       7.307,57823, 4954,  611.562146,  290.737046,  123.960229,    2449.139
    3675.557,    2695.443,       5.441,      13.542,       7.301,57823, 4887,  611.092302,  290.065741,  123.673664,    2446.733
    3680.571,    2690.429,       5.437,      13.537,       7.294,57823, 4821,  610.672951,  289.287366,  123.384587,    2444.363
    3685.586,    2685.414,       5.433,      13.533,       7.287,57823, 4755,  610.312862,  288.443691,  123.096111,    2442.020
    3690.600,    2680.400,       5.428,      13.527,       7.278,57823, 4690,  609.952938,  287.553878,  122.808848,    2439.696
    3695.614,    2675.386,       5.424,      13.522,       7.269,57823, 4626,  609.606500,  286.605081,  122.521357,    2437.357
    3700.629,    2670.371,       5.419,      13.519,       7.259,57823, 4562,  609.625624,  285.559855,  122.234498,    2435.052
    3705.643,    2665.357,       5.414,      13.516,       7.248,57823, 4499,  609.811057,  284.390664,  121.947802,    2432.748
    3710.657,    2660.343,       5.408,      13.514,       7.236,57823, 4436,  610.057532,  283.139036,  121.661874,    2430.425
    3715.671,    2655.329,       5.401,      13.512,       7.223,57823, 4375,  610.354363,  281.839716,  121.375681,    2428.112
    3720.686,    2650.314,       5.395,      13.510,       7.211,57823, 4313,  610.738404,  280.524350,  121.092140,    2425.792
    3725.700,    2645.300,       5.390,      13.508,       7.198,57823, 4253,  611.188559,  279.213088,  120.806425,    2423.454
    3730.714,    2640.286,       5.384,      13.507,       7.185,57823, 4193,  611.647049,  277.938950,  120.522951,    2421.116
    3735.729,    2635.271,       5.379,      13.505,       7.172,57823, 4133,  612.066726,  276.697908,  120.238057,    2418.766
    3740.743,    2630.257,       5.373,      13.504,       7.161,57823, 4074,  612.461612,  275.485514,  119.954133,    2416.407
    3745.757,    2625.243,       5.367,      13.503,       7.149,57823, 4016,  612.869366,  274.310027,  119.674260,    2414.037
    3750.771,    2620.229,       5.362,      13.502,       7.137,57823, 3958,  613.319266,  273.178494,  119.389598,    2411.655
    3755.786,    2615.214,       5.358,      13.501,       7.127,57823, 3901,  613.800049,  272.112369,  119.108466,    2409.272
    3760.800,    2610.200,       5.354,      13.500,       7.116,57823, 3845,  614.281999,  271.145890,  118.827015,    2406.867
    3765.814,    2605.186,       5.350,      13.500,       7.108,57823, 3789,  614.679024,  270.315797,  118.546973,    2404.448
    3770.829,    2600.171,       5.347,      13.500,       7.101,57823, 3734,  614.976184,  269.590152,  118.265166,    2402.045
    3775.843,    2595.157,       5.344,      13.499,       7.094,57823, 3679,  615.207162,  268.914560,  117.985399,    2399.609
    3780.857,    2590.143,       5.340,      13.499,       7.088,57823, 3625,  615.414852,  268.272310,  117.706605,    2397.185
    3785.871,    2585.129,       5.337,      13.498,       7.082,57823, 3571,  615.567275,  267.679306,  117.425775,    2394.996
    3790.886,    2580.114,       5.334,      13.495,       7.077,57823, 3518,  615.226065,  267.162091,  117.146669,    2393.066
    3795.900,    2575.100,       5.332,      13.485,       7.073,57823, 3466,  613.998185,  266.755398,  116.868579,    2391.597
    3800.914,    2570.086,       5.330,      13.481,       7.071,57823, 3414,  613.377561,  266.450102,  116.588658,    2390.370
    3805.929,    2565.071,       5.328,      13.477,       7.069,57823, 3363,  612.730959,  266.211626,  116.310404,    2388.753
    3810.943,    2560.057,       5.325,      13.473,       7.067,57823, 3312,  611.961740,  265.981380,  116.032676,    2386.948
    3815.957,    2555.043,       5.323,      13.468,       7.066,57823, 3262,  611.290003,  265.742292,  115.752659,    2385.141
    3820.971,    2550.029,       5.321,      13.465,       7.064,57823, 3212,  610.646991,  265.496453,  115.474522,    2383.239
    3825.986,    2545.014,       5.319,      13.460,       7.062,57823, 3163,  609.872703,  265.246172,  115.197191,    2381.337
    3831.000,    2540.000,       5.316,      13.455,       7.060,57823, 3114,  609.186679,  264.990773,  114.919358,    2379.511
    3841.005,    2529.995,       5.312,      13.444,       7.056,57823, 3019,  607.447467,  264.472324,  114.366906,    2375.761
    3851.010,    2519.990,       5.307,      13.433,       7.052,57823, 2926,  605.639330,  263.949345,  113.815904,    2372.066
    3861.014,    2509.986,       5.302,      13.421,       7.048,57823, 2835,  603.837243,  263.424495,  113.262266,    2368.360
    3871.019,    2499.981,       5.298,      13.409,       7.044,57823, 2746,  602.035576,  262.900270,  112.713986,    2364.610
    3881.024,    2489.976,       5.293,      13.397,       7.040,57823, 2659,  600.229749,  262.362832,  112.165456,    2360.907
    3891.029,    2479.971,       5.288,      13.386,       7.036,57823, 2574,  598.415547,  261.823269,  111.618870,    2357.186
    3901.033,    2469.967,       5.283,      13.374,       7.032,57823, 2492,  596.592314,  261.284144,  111.069582,    2353.339
    3911.038,    2459.962,       5.278,      13.362,       7.029,57823, 2411,  594.764888,  260.761360,  110.523994,    2349.513
    3921.043,    2449.957,       5.274,      13.350,       7.025,57823, 2332,  592.929699,  260.245265,  109.977729,    2345.619
    3931.048,    2439.952,       5.269,      13.338,       7.021,57823, 2255,  591.090944,  259.732671,  109.432838,    2341.413
    3941.052,    2429.948,       5.264,      13.327,       7.017,57823, 2180,  589.243311,  259.227465,  108.889394,    2337.483
    3951.057,    2419.943,       5.259,      13.315,       7.014,57823, 2107,  587.390932,  258.727066,  108.344277,    2333.713
    3961.062,    2409.938,       5.254,      13.303,       7.010,57823, 2036,  585.534212,  258.232040,  107.803769,    2329.871
    3971.067,    2399.933,       5.250,      13.291,       7.007,57823, 1966,  583.676937,  257.740210,  107.262710,    2326.771
    3981.072,    2389.928,       5.245,      13.279,       7.004,57823, 1899,  581.823432,  257.248765,  106.720417,    2323.933
    3991.076,    2379.924,       5.240,      13.267,       7.000,57823, 1833,  579.977652,  256.754993,  106.181221,    2321.213
    4001.081,    2369.919,       5.235,      13.255,       6.996,57823, 1769,  578.141616,  256.256620,  105.642198,    2318.718
    4011.086,    2359.914,       5.230,      13.244,       6.993,57823, 1707,  576.314853,  255.753501,  105.104363,    2316.261
    4021.091,    2349.909,       5.225,      13.232,       6.989,57823, 1646,  574.495148,  255.246588,  104.566576,    2313.818
    4031.095,    2339.905,       5.220,      13.220,       6.985,57823, 1587,  572.681887,  254.736010,  104.029748,    2311.379
    4041.100,    2329.900,       5.216,      13.208,       6.982,57823, 1530,  570.877714,  254.219179,  103.493938,    2308.931
    4051.105,    2319.895,       5.211,      13.196,       6.978,57823, 1475,  569.087140,  253.692896,  102.961095,    2306.477
    4061.110,    2309.890,       5.206,      13.184,       6.973,57823, 1421,  567.307999,  253.158753,  102.428032,    2304.013
    4071.115,    2299.885,       5.201,      13.172,       6.969,57823, 1369,  565.533557,  252.621443,  101.897323,    2301.540
    4081.119,    2289.881,       5.196,      13.160,       6.965,57823, 1318,  563.759645,  252.083432,  101.366851,    2299.064
    4091.124,    2279.876,       5.191,      13.148,       6.961,57823, 1269,  561.983677,  251.545056,  100.837443,    2296.575
    4101.129,    2269.871,       5.186,      13.136,       6.957,57823, 1221,  560.204411,  251.006265,  100.308722,    2294.078
    4111.134,    2259.866,       5.182,      13.123,       6.953,57823, 1175,  558.421347,  250.466931,   99.785871,    2291.581
    4121.139,    2249.861,       5.177,      13.111,       6.948,57823, 1130,  556.634979,  249.926960,   99.261240,    2289.078
    4131.143,    2239.857,       5.172,      13.099,       6.944,57823, 1087,  554.846727,  249.386242,   98.733636,    2286.569
    4141.148,    2229.852,       5.167,      13.086,       6.940,57823, 1045,  553.059611,  248.844395,   98.207740,    2284.054
    4151.153,    2219.847,       5.162,      13.074,       6.936,57823, 1005,  551.282198,  248.301134,   97.680378,    2281.534
    4161.158,    2209.842,       5.157,      13.062,       6.931,57823,  966,  549.522001,  247.756163,   97.154083,    2279.009
    4171.162,    2199.838,       5.152,      13.050,       6.927,57823,  928,  547.777574,  247.209327,   96.633248,    2276.479
    4181.167,    2189.833,       5.147,      13.038,       6.923,57823,  892,  546.044849,  246.660337,   96.111054,    2273.943
    4191.172,    2179.828,       5.142,      13.026,       6.918,57823,  857,  544.325360,  246.109119,   95.589266,    2271.403
    4201.177,    2169.823,       5.137,      13.014,       6.914,57823,  823,  542.623026,  245.555757,   95.066639,    2268.857
    4211.181,    2159.819,       5.132,      13.002,       6.909,57823,  791,  540.942645,  245.000667,   94.546134,    2266.305
    4221.186,    2149.814,       5.127,      12.990,       6.905,57823,  759,  539.281271,  244.443945,   94.026973,    2263.746
    4231.191,    2139.809,       5.122,      12.978,       6.900,57823,  729,  537.589032,  243.885498,   93.498897,    2261.179
    4241.196,    2129.804,       5.118,      12.966,       6.895,57823,  700,  535.860114,  243.325037,   92.982206,    2258.605
    4251.201,    2119.799,       5.113,      12.953,       6.891,57823,  673,  534.139450,  242.764476,   92.464209,    2256.025
    4261.205,    2109.795,       5.108,      12.941,       6.886,57823,  646,  532.405220,  242.219893,   91.946231,    2253.439
    4271.210,    2099.790,       5.103,      12.928,       6.882,57823,  621,  530.643427,  241.697922,   91.430109,    2250.848
    4281.215,    2089.785,       5.098,      12.916,       6.878,57823,  596,  528.881988,  241.176003,   90.912497,    2248.254
    4291.220,    2079.780,       5.093,      12.904,       6.874,57823,  573,  527.122190,  240.650149,   90.399435,    2245.657
    4301.224,    2069.776,       5.088,      12.891,       6.870,57823,  551,  525.332459,  240.124692,   89.885302,    2243.057
    4311.229,    2059.771,       5.083,      12.878,       6.866,57823,  529,  523.517524,  239.601992,   89.364793,    2240.454
    4321.234,    2049.766,       5.078,      12.865,       6.862,57823,  509,  521.719031,  239.083733,   88.851498,    2237.846
    4331.239,    2039.761,       5.073,      12.853,       6.858,57823,  490,  519.920766,  238.575338,   88.338814,    2235.234
    4341.243,    2029.757,       5.068,      12.840,       6.854,57823,  471,  518.125891,  238.073111,   87.826921,    2232.618
    4351.248,    2019.752,       5.063,      12.827,       6.849,57823,  454,  516.406423,  237.520551,   87.324706,    2229.996
    4361.253,    2009.747,       5.058,      12.815,       6.845,57823,  437,  514.683530,  236.972862,   86.813737,    2227.370
    4371.258,    1999.742,       5.053,      12.802,       6.840,57823,  422,  512.966059,  236.427350,   86.302078,    2224.738
    4381.263,    1989.737,       5.048,      12.790,       6.836,57823,  407,  511.271577,  235.883982,   85.793284,    2222.102
    4391.267,    1979.733,       5.043,      12.777,       6.831,57823,  393,  509.580252,  235.346578,   85.285189,    2219.461
    4401.272,    1969.728,       5.038,      12.765,       6.827,57823,  379,  507.860446,  234.824730,   84.777445,    2216.816
    4411.277,    1959.723,       5.033,      12.752,       6.823,57823,  367,  506.127958,  234.306490,   84.269425,    2214.167
    4421.282,    1949.718,       5.028,      12.740,       6.818,57823,  355,  504.494791,  233.712630,   83.762002,    2211.513
    4431.287,    1939.713,       5.023,      12.727,       6.812,57823,  344,  502.866646,  233.114184,   83.256854,    2208.854
    4441.291,    1929.709,       5.018,      12.714,       6.807,57823,  334,  501.217156,  232.527254,   82.751602,    2206.190
    4451.296,    1919.704,       5.013,      12.702,       6.802,57823,  324,  499.548051,  231.947451,   82.247571,    2203.521
    4461.301,    1909.699,       5.008,      12.689,       6.797,57823,  315,  497.863855,  231.372525,   81.741018,    2200.846
    4471.306,    1899.694,       5.003,      12.676,       6.792,57823,  306,  496.168369,  230.800155,   81.233772,    2198.166
    4481.310,    1889.690,       4.998,      12.663,       6.787,57823,  299,  494.462449,  230.228734,   80.736504,    2195.480
    4491.315,    1879.685,       4.993,      12.649,       6.782,57823,  291,  492.746364,  229.662132,   80.234569,    2192.788
    4501.320,    1869.680,       4.988,      12.636,       6.777,57823,  285,  491.019275,  229.104078,   79.733374,    2190.088
    4511.325,    1859.675,       4.983,      12.623,       6.772,57823,  278,  489.284133,  228.552420,   79.234630,    2187.382
    4521.329,    1849.671,       4.978,      12.610,       6.768,57823,  273,  487.546489,  228.003128,   78.734459,    2184.669
    4531.334,    1839.666,       4.973,      12.597,       6.763,57823,  268,  485.810183,  227.454169,   78.235388,    2181.949
    4541.339,    1829.661,       4.968,      12.583,       6.758,57823,  263,  484.080488,  226.904742,   77.737385,    2179.221
    4551.344,    1819.656,       4.963,      12.570,       6.753,57823,  258,  482.360786,  226.354015,   77.239436,    2176.486
    4561.349,    1809.651,       4.958,      12.557,       6.749,57823,  254,  480.650904,  225.801286,   76.741970,    2173.743
    4571.353,    1799.647,       4.953,      12.544,       6.744,57823,  251,  478.949653,  225.246256,   76.245446,    2170.992
    4581.358,    1789.642,       4.948,      12.530,       6.739,57823,  248,  477.255525,  224.688711,   75.747204,    2168.234
    4591.363,    1779.637,       4.943,      12.517,       6.734,57823,  245,  475.567034,  224.128638,   75.252064,    2165.467
    4601.368,    1769.632,       4.937,      12.504,       6.729,57823,  242,  473.881626,  223.565921,   74.761386,    2162.693
    4611.373,    1759.627,       4.932,      12.491,       6.724,57823,  240,  472.196871,  223.000437,   74.267847,    2159.910
    4621.377,    1749.623,       4.927,      12.477,       6.719,57823,  238,  470.511668,  222.432215,   73.774558,    2157.119
    4631.382,    1739.618,       4.922,      12.464,       6.714,57823,  236,  468.825649,  221.861291,   73.282048,    2154.320
    4641.387,    1729.613,       4.917,      12.451,       6.709,57823,  235,  467.139818,  221.287960,   72.786151,    2151.512
    4651.392,    1719.608,       4.912,      12.437,       6.703,57823,  235,  465.455491,  220.712321,   72.294729,    2148.697
    4661.396,    1709.604,       4.906,      12.424,       6.698,57823,  235,  463.774183,  220.134393,   71.802509,    2145.874
    4671.401,    1699.599,       4.901,      12.410,       6.693,57823,  235,  462.096481,  219.554036,   71.310114,    2143.044
    4681.406,    1689.594,       4.896,      12.396,       6.688,57823,  235,  460.422911,  218.971334,   70.822601,    2140.208
    4691.411,    1679.589,       4.891,      12.383,       6.682,57823,  235,  458.753483,  218.386349,   70.332886,    2137.366
    4701.415,    1669.585,       4.886,      12.369,       6.677,57823,  235,  457.088254,  217.799340,   69.844428,    2134.519
    4711.420,    1659.580,       4.881,      12.355,       6.671,57823,  235,  455.426702,  217.210580,   69.351689,    2131.667
    4721.425,    1649.575,       4.875,      12.342,       6.666,57823,  235,  453.768705,  216.620575,   68.864711,    2128.809
    4731.430,    1639.570,       4.870,      12.328,       6.660,57823,  235,  452.113755,  216.029765,   68.377620,    2125.945
    4741.435,    1629.565,       4.865,      12.314,       6.655,57823,  235,  450.460986,  215.438608,   67.896070,    2123.076
    4751.439,    1619.561,       4.860,      12.300,       6.649,57823,  235,  448.809178,  214.847757,   67.406974,    2120.203
    4761.444,    1609.556,       4.855,      12.286,       6.643,57823,  235,  447.156258,  214.257859,   66.918903,    2117.324
    4771.449,    1599.551,       4.849,      12.273,       6.638,57823,  235,  445.500820,  213.669768,   66.436351,    2114.440
    4781.454,    1589.546,       4.844,      12.259,       6.632,57823,  235,  443.837848,  213.087066,   65.951613,    2111.550
    4791.458,    1579.542,       4.839,      12.245,       6.627,57823,  235,  442.151599,  212.521321,   65.467243,    2108.656
    4801.463,    1569.537,       4.834,      12.231,       6.622,57823,  235,  440.445706,  211.968177,   64.984506,    2105.757
    4811.468,    1559.532,       4.828,      12.217,       6.617,57823,  235,  438.733046,  211.415829,   64.504347,    2102.853
    4821.473,    1549.527,       4.823,      12.203,       6.612,57823,  235,  437.010673,  210.864014,   64.024948,    2099.943
    4831.477,    1539.523,       4.818,      12.188,       6.607,57823,  235,  435.274957,  210.314629,   63.539284,    2097.029
    4841.482,    1529.518,       4.812,      12.174,       6.602,57823,  235,  433.524844,  209.768832,   63.052717,    2094.110
    4851.487,    1519.513,       4.807,      12.160,       6.597,57823,  235,  431.762804,  209.226223,   62.573059,    2091.185
    4861.492,    1509.508,       4.802,      12.145,       6.592,57823,  235,  430.002921,  208.677314,   62.094313,    2088.254
    4871.497,    1499.503,       4.796,      12.130,       6.587,57823,  235,  428.244115,  208.123996,   61.615276,    2085.318
    4881.501,    1489.499,       4.791,      12.115,       6.582,57823,  235,  426.486534,  207.567746,   61.136486,    2082.377
    4891.506,    1479.494,       4.786,      12.101,       6.577,57823,  235,  424.734348,  207.006747,   60.647674,    2079.428
    4901.511,    1469.489,       4.780,      12.086,       6.572,57823,  235,  422.985867,  206.444624,   60.170552,    2076.474
    4911.516,    1459.484,       4.775,      12.071,       6.566,57823,  235,  421.235134,  205.888732,   59.693745,    2073.513
    4921.520,    1449.480,       4.770,      12.056,       6.562,57823,  235,  419.471937,  205.349599,   59.218162,    2070.545
    4931.525,    1439.475,       4.764,      12.042,       6.556,57823,  235,  417.751601,  204.786660,   58.742249,    2067.570
    4941.530,    1429.470,       4.759,      12.027,       6.550,57823,  235,  416.109545,  204.173619,   58.267653,    2064.588
    4951.535,    1419.465,       4.753,      12.012,       6.544,57823,  235,  414.486887,  203.554236,   57.802240,    2061.599
    4961.540,    1409.460,       4.748,      11.998,       6.538,57823,  235,  412.868614,  202.938952,   57.320339,    2058.602
    4971.544,    1399.456,       4.743,      11.983,       6.532,57823,  235,  411.251795,  202.328461,   56.847968,    2055.599
    4981.549,    1389.451,       4.737,      11.969,       6.526,57823,  235,  409.633598,  201.722061,   56.374816,    2052.588
    4991.554,    1379.446,       4.732,      11.954,       6.520,57823,  235,  408.012205,  201.118983,   55.902834,    2049.569
    5001.559,    1369.441,       4.726,      11.940,       6.514,57823,  235,  406.385901,  200.518995,   55.431736,    2046.543
    5011.564,    1359.436,       4.721,      11.925,       6.508,57823,  235,  404.752981,  199.922525,   54.964701,    2043.509
    5021.568,    1349.432,       4.715,      11.910,       6.502,57823,  235,  403.112422,  199.330031,   54.496417,    2040.468
    5031.573,    1339.427,       4.710,      11.896,       6.496,57823,  235,  401.463655,  198.741355,   54.025979,    2037.419
    5041.578,    1329.422,       4.704,      11.881,       6.490,57823,  235,  399.808196,  198.155666,   53.556986,    2034.362
    5051.583,    1319.417,       4.699,      11.866,       6.484,57823,  235,  398.149205,  197.571070,   53.088427,    2031.298
    5061.587,    1309.413,       4.693,      11.851,       6.479,57823,  235,  396.490620,  196.985492,   52.619628,    2028.226
    5071.592,    1299.408,       4.688,      11.836,       6.473,57823,  235,  394.834872,  196.397410,   52.152103,    2025.146
    5081.597,    1289.403,       4.682,      11.821,       6.467,57823,  235,  393.183311,  195.806400,   51.685193,    2022.058
    5091.602,    1279.398,       4.677,      11.806,       6.461,57823,  235,  391.535985,  195.212514,   51.214701,    2018.962
    5101.606,    1269.394,       4.671,      11.791,       6.455,57823,  235,  389.892715,  194.616047,   50.748873,    2015.859
    5111.611,    1259.389,       4.666,      11.775,       6.449,57823,  235,  388.253006,  194.017125,   50.283925,    2012.748
    5121.616,    1249.384,       4.660,      11.760,       6.442,57823,  235,  386.617197,  193.415927,   49.818719,    2009.629
    5131.621,    1239.379,       4.655,      11.745,       6.436,57823,  235,  384.985232,  192.812467,   49.354712,    2006.502
    5141.626,    1229.374,       4.649,      11.730,       6.430,57823,  235,  383.354399,  192.206866,   48.891032,    2003.367
    5151.630,    1219.370,       4.643,      11.714,       6.424,57823,  235,  381.714445,  191.599523,   48.427298,    2000.224
    5161.635,    1209.365,       4.638,      11.698,       6.417,57823,  235,  380.053356,  190.990681,   47.963974,    1997.072
    5171.640,    1199.360,       4.632,      11.683,       6.411,57823,  235,  378.377700,  190.380562,   47.501747,    1993.912
    5181.645,    1189.355,       4.627,      11.667,       6.404,57823,  235,  376.698959,  189.769137,   47.050839,    1990.744
    5191.649,    1179.351,       4.621,      11.650,       6.398,57823,  235,  375.020298,  189.156357,   46.589490,    1987.567
    5201.654,    1169.346,       4.615,      11.634,       6.391,57823,  235,  373.340939,  188.541885,   46.129092,    1984.381
    5211.659,    1159.341,       4.610,      11.618,       6.385,57823,  235,  371.661290,  187.925514,   45.669741,    1981.187
    5221.664,    1149.336,       4.604,      11.602,       6.378,57823,  235,  369.980704,  187.307108,   45.211486,    1977.983
    5231.668,    1139.332,       4.598,      11.585,       6.372,57823,  235,  368.295960,  186.686789,   44.753044,    1974.771
    5241.673,    1129.327,       4.593,      11.569,       6.365,57823,  235,  366.609404,  186.064652,   44.294012,    1971.549
    5251.678,    1119.322,       4.587,      11.553,       6.358,57823,  235,  364.931731,  185.441089,   43.836026,    1968.319
    5261.683,    1109.317,       4.581,      11.536,       6.352,57823,  235,  363.267867,  184.816406,   43.379219,    1965.078
    5271.688,    1099.312,       4.576,      11.520,       6.345,57823,  235,  361.617019,  184.190753,   42.923526,    1961.829
    5281.692,    1089.308,       4.570,      11.504,       6.338,57823,  235,  359.978583,  183.564200,   42.465759,    1958.571
    5291.697,    1079.303,       4.564,      11.487,       6.331,57823,  235,  358.352984,  182.936531,   42.010948,    1955.303
    5301.702,    1069.298,       4.558,      11.471,       6.324,57823,  235,  356.740810,  182.307612,   41.556297,    1952.027
    5311.707,    1059.293,       4.552,      11.455,       6.317,57823,  235,  355.139672,  181.677214,   41.101052,    1948.743
    5321.712,    1049.288,       4.546,      11.439,       6.310,57823,  235,  353.545106,  181.045238,   40.647848,    1945.452
    5331.716,    1039.284,       4.541,      11.423,       6.303,57823,  235,  351.953651,  180.411799,   40.195185,    1942.154
    5341.721,    1029.279,       4.535,      11.407,       6.296,57823,  235,  350.363048,  179.776879,   39.742884,    1938.848
    5351.726,    1019.274,       4.529,      11.391,       6.289,57823,  235,  348.772262,  179.140672,   39.287747,    1935.536
    5361.731,    1009.269,       4.523,      11.375,       6.282,57823,  235,  347.180153,  178.503358,   38.836785,    1932.217
    5371.735,     999.265,       4.517,      11.358,       6.275,57823,  235,  345.585733,  177.865245,   38.387344,    1928.892
    5381.740,     989.260,       4.511,      11.342,       6.268,57823,  235,  343.987705,  177.226492,   37.938829,    1925.559
    5391.745,     979.255,       4.505,      11.325,       6.261,57823,  235,  342.385631,  176.587508,   37.489164,    1922.220
    5401.750,     969.250,       4.499,      11.309,       6.254,57823,  235,  340.779388,  175.948690,   37.039281,    1918.873
    5411.755,     959.245,       4.493,      11.292,       6.246,57823,  235,  339.169156,  175.310370,   36.591299,    1915.520
    5421.759,     949.241,       4.487,      11.275,       6.239,57823,  235,  337.555205,  174.672790,   36.142110,    1912.159
    5431.764,     939.236,       4.481,      11.259,       6.232,57823,  235,  335.937051,  174.035887,   35.694925,    1908.791
    5441.769,     929.231,       4.475,      11.242,       6.225,57823,  235,  334.314667,  173.399773,   35.245760,    1905.415
    5451.774,     919.226,       4.469,      11.224,       6.218,57823,  235,  332.688215,  172.764504,   34.798974,    1902.032
    5461.778,     909.222,       4.463,      11.207,       6.210,57823,  235,  331.058420,  172.130175,   34.353904,    1898.641
    5471.783,     899.217,       4.457,      11.190,       6.203,57823,  235,  329.425803,  171.496561,   33.908513,    1895.242
    5481.788,     889.212,       4.451,      11.173,       6.196,57823,  235,  327.792342,  170.862789,   33.464317,    1891.834
    5491.793,     879.207,       4.445,      11.155,       6.188,57823,  235,  326.163901,  170.224696,   33.020254,    1888.419
    5501.797,     869.203,       4.439,      11.138,       6.181,57823,  235,  324.549131,  169.576200,   32.576300,    1884.988
    5511.802,     859.198,       4.433,      11.120,       6.173,57823,  235,  322.945616,  168.919155,   32.133944,    1881.503
    5521.807,     849.193,       4.427,      11.103,       6.165,57823,  235,  321.346699,  168.259317,   31.691609,    1877.909
    5531.812,     839.188,       4.421,      11.085,       6.157,57823,  235,  319.751104,  167.598284,   31.249602,    1874.128
    5541.817,     829.183,       4.415,      11.067,       6.149,57823,  235,  318.159710,  166.936221,   30.808172,    1870.101
    5551.821,     819.179,       4.408,      11.050,       6.141,57823,  235,  316.573206,  166.273557,   30.392541,    1865.828
    5561.826,     809.174,       4.402,      11.032,       6.133,57823,  235,  314.992653,  165.609101,   29.952285,    1861.362
    5571.831,     799.169,       4.396,      11.015,       6.125,57823,  235,  313.422119,  164.939093,   29.512619,    1856.773
    5581.836,     789.164,       4.390,      10.997,       6.117,57823,  235,  311.861317,  164.262315,   29.072395,    1852.110
    5591.840,     779.160,       4.384,      10.979,       6.109,57823,  235,  310.301362,  163.583798,   28.634066,    1847.428
    5601.845,     769.155,       4.378,      10.961,       6.100,57823,  235,  308.733665,  162.907148,   28.195643,    1842.767
    5611.850,     759.150,       4.371,      10.943,       6.092,57823,  235,  307.152028,  162.233626,   27.760813,    1838.154
    5621.855,     749.145,       4.365,      10.925,       6.084,57823,  235,  305.583122,  161.563576,   27.322912,    1833.593
    5631.859,     739.141,       4.359,      10.907,       6.076,57823,  235,  304.016296,  160.896163,   26.885216,    1829.075
    5641.864,     729.136,       4.353,      10.889,       6.067,57823,  235,  302.451828,  160.231262,   26.450634,    1824.573
    5651.869,     719.131,       4.346,      10.871,       6.059,57823,  235,  300.890528,  159.568766,   26.016628,    1820.060
    5661.874,     709.126,       4.340,      10.853,       6.051,57823,  235,  299.332902,  158.908517,   25.581991,    1815.533
    5671.879,     699.121,       4.334,      10.835,       6.043,57823,  235,  297.779314,  158.250406,   25.148779,    1810.997
    5681.883,     689.117,       4.328,      10.817,       6.035,57823,  235,  296.230179,  157.594419,   24.715809,    1806.465
    5691.888,     679.112,       4.321,      10.799,       6.026,57823,  235,  294.685382,  156.940368,   24.283426,    1801.941
    5701.893,     669.107,       4.241,      10.579,       5.829,57823,  129,  282.550473,  144.094273,   23.854253,    1797.430
    5711.898,     659.102,       4.136,      10.388,       5.660,57823,  111,  269.595604,  132.511170,   23.436239,    1792.934
    5721.903,     649.097,       4.040,      10.217,       5.510,57823,  117,  258.196094,  122.680976,   23.044834,    1788.456
    5731.907,     639.093,       3.978,      10.100,       5.411,57823,  117,  250.566151,  116.475072,   22.634795,    1783.999
    5741.912,     629.088,       3.947,      10.035,       5.358,57823,  116,  246.433400,  113.303441,   22.241676,    1779.566
    5751.917,     619.083,       3.939,      10.004,       5.338,57823,  114,  244.589823,  112.224806,   21.845680,    1775.167
    5761.922,     609.078,       3.932,       9.977,       5.326,57823,  115,  242.680362,  111.550131,   21.452468,    1770.809
    5771.926,     599.074,       3.925,       9.947,       5.317,57823,  114,  240.389970,  110.974327,   21.059323,    1766.489
    5781.931,     589.069,       3.918,       9.911,       5.308,57823,  115,  237.661734,  110.402907,   20.667461,    1762.173
    5791.936,     579.064,       3.911,       9.869,       5.299,57823,  113,  234.527880,  109.804708,   20.275991,    1757.776
    5801.941,     569.059,       3.901,       9.823,       5.275,57823,  114,  231.668066,  108.560710,   19.884592,    1753.201
    5811.945,     559.055,       3.887,       9.776,       5.252,57823,  114,  228.510762,  107.215685,   19.481227,    1748.428
    5821.950,     549.050,       3.867,       9.730,       5.216,57823,  115,  225.815205,  105.225954,   19.095929,    1743.527
    5831.955,     539.045,       3.848,       9.688,       5.183,57823,  114,  223.330407,  103.346349,   18.712343,    1738.571
    5841.960,     529.040,       3.833,       9.651,       5.154,57823,  116,  221.238822,  101.843978,   18.330649,    1733.597
    5851.965,     519.035,       3.819,       9.618,       5.133,57823,  115,  219.107581,  100.622777,   17.946767,    1728.615
    5861.969,     509.031,       3.811,       9.587,       5.116,57823,  115,  217.282232,   99.727614,   17.572710,    1723.631
    5871.974,     499.026,       3.803,       9.557,       5.100,57823,  115,  215.474662,   98.904077,   17.186609,    1718.644
    5881.979,     489.021,       3.795,       9.527,       5.084,57823,  116,  213.697240,   98.083870,   16.807891,    1713.661
    5891.984,     479.016,       3.787,       9.498,       5.068,57823,  116,  211.946968,   97.242228,   16.429997,    1708.679
    5901.989,     469.011,       3.778,       9.469,       5.051,57823,  116,  210.207925,   96.396355,   16.053043,    1703.699
    5911.993,     459.007,       3.769,       9.439,       5.035,57823,  117,  208.384870,   95.548477,   15.677441,    1698.721
    5921.998,     449.002,       3.760,       9.408,       5.019,57823,  117,  206.565149,   94.703273,   15.302877,    1693.743
    5932.003,     438.997,       3.751,       9.376,       4.993,57823,  117,  205.076027,   93.496282,   14.929456,    1688.766
    5942.008,     428.992,       3.738,       9.329,       4.952,57823,  118,  203.088116,   91.641362,   14.564484,    1683.790
    5952.012,     418.988,       3.707,       9.219,       4.891,57823,  116,  196.802562,   88.701617,   14.185259,    1678.815
    5962.017,     408.983,       3.661,       9.049,       4.822,57823,  118,  186.256593,   85.123834,   13.816916,    1673.839
    5972.022,     398.978,       3.607,       8.851,       4.751,57823,  118,  174.002210,   81.431792,   13.464200,    1668.864
    5982.027,     388.973,       3.571,       8.725,       4.688,57823,  116,  167.228621,   78.470532,   13.112614,    1663.888
    5992.032,     378.968,       3.551,       8.664,       4.641,57823,  116,  164.603987,   76.484426,   12.755699,    1658.912
    6002.036,     368.964,       3.542,       8.646,       4.612,57823,  118,  164.326055,   75.346371,   12.403106,    1654.290
    6012.041,     358.959,       3.533,       8.619,       4.597,57823,  117,  162.888739,   74.669554,   12.055066,    1649.183
    6022.046,     348.954,       3.524,       8.592,       4.586,57823,  117,  161.324924,   74.120745,   11.704539,    1644.032
    6032.051,     338.949,       3.516,       8.563,       4.575,57823,  117,  159.672801,   73.574070,   11.353661,    1638.865
    6042.055,     328.945,       3.507,       8.533,       4.563,57823,  117,  158.014954,   73.026332,   11.005222,    1633.707
    6052.060,     318.940,       3.499,       8.503,       4.551,57823,  118,  156.339343,   72.473095,   10.657654,    1628.585
    6062.065,     308.935,       3.490,       8.473,       4.540,57823,  118,  154.654855,   71.921301,   10.311519,    1623.524
    6072.070,     298.930,       3.481,       8.443,       4.528,57823,  119,  152.981153,   71.375533,    9.966108,    1618.552
    6082.074,     288.926,       3.472,       8.414,       4.517,57823,  120,  151.331670,   70.837271,    9.621693,    1613.695
    6092.079,     278.921,       3.463,       8.385,       4.506,57823,  121,  149.695810,   70.324735,    9.278935,    1608.978
    6102.084,     268.916,       3.454,       8.356,       4.496,57823,  120,  148.102307,   69.815820,    8.936552,    1604.428
    6112.089,     258.911,       3.446,       8.328,       4.486,57823,  121,  146.539453,   69.329991,    8.594717,    1600.318
    6122.093,     248.907,       3.437,       8.300,       4.476,57823,  124,  144.989601,   68.846741,    8.255753,    1597.000
    6132.098,     238.902,       3.428,       8.272,       4.466,57823,  126,  143.451707,   68.365422,    7.916684,    1594.870
    6142.103,     228.897,       3.419,       8.239,       4.444,57823,  128,  142.059963,   67.546680,    7.577421,    1594.203
    6152.108,     218.892,       3.410,       8.208,       4.428,57823,  130,  140.587612,   66.864781,    7.240044,    1594.876
    6162.113,     208.887,       3.401,       8.178,       4.416,57823,  132,  139.045577,   66.314734,    6.904456,    1596.097
    6172.117,     198.883,       3.391,       8.157,       4.419,57823,  135,  137.307817,   66.228180,    6.568243,    1596.212
    6182.122,     188.878,       3.381,       8.135,       4.423,57823,  135,  135.603272,   66.140662,    6.235443,    1590.971
    6187.217,     183.783,       3.374,       8.125,       4.425,57823,  138,  134.671921,   66.060833,    6.065571,    1585.474
    6192.312,     178.688,       3.369,       8.114,       4.426,57823,  139,  133.797291,   66.008915,    5.894623,    1575.822
    6197.408,     173.592,       3.365,       8.104,       4.428,57823,  140,  132.981692,   65.982774,    5.726235,    1562.058
    6202.503,     168.497,       3.364,       8.094,       4.430,57823,  140,  132.355614,   66.023245,    5.555765,    1544.210
    6207.598,     163.402,       3.363,       8.087,       4.432,57823,  138,  131.817031,   66.067617,    5.386775,    1522.322
    6212.693,     158.307,       3.362,       8.080,       4.434,57823,  130,  131.373624,   66.104806,    5.219790,    1496.636
    6217.788,     153.212,       3.361,       8.076,       4.436,57823,  121,  131.035204,   66.127611,    5.051114,    1467.640
    6222.883,     148.117,       3.360,       8.073,       4.437,57823,  117,  130.790366,   66.150854,    4.882151,    1435.952
    6227.979,     143.021,       3.359,       8.073,       4.440,57823,  116,  130.608316,   66.208808,    4.713203,    1401.903
    6233.074,     137.926,       3.357,       8.074,       4.444,57823,  115,  130.435281,   66.307676,    4.543125,    1364.747
    6238.169,     132.831,       3.356,       8.076,       4.449,57823,  114,  130.316927,   66.440522,    4.374834,    1323.525
    6243.264,     127.736,       3.355,       8.080,       4.455,57823,  113,  130.278349,   66.588347,    4.206215,    1280.822
    6248.359,     122.641,       3.355,       8.084,       4.460,57823,  114,  130.310160,   66.748622,    4.037593,    1237.499
    6253.454,     117.546,       3.356,       8.089,       4.465,57823,  112,  130.355822,   66.912642,    3.869210,    1194.248
    6258.549,     112.451,       3.356,       8.094,       4.471,57823,  114,  130.403798,   67.074698,    3.700550,    1151.626
    6263.645,     107.355,       3.356,       8.098,       4.476,57823,  116,  130.456419,   67.234817,    3.531915,    1110.023
    6268.740,     102.260,       3.356,       8.103,       4.481,57823,  150,  130.516948,   67.393554,    3.363587,    1069.607
    6273.835,      97.165,       3.356,       8.108,       4.486,57823,  298,  130.589723,   67.552437,    3.195170,    1030.209
    6278.930,      92.070,       3.356,       8.120,       4.491,57823,  383,  131.022304,   67.698383,    3.026543,     991.282
    6284.025,      86.975,       3.356,       8.133,       4.496,57823,  413,  131.545345,   67.844418,    2.858209,     951.815
    6289.120,      81.880,       3.357,       8.147,       4.501,57823,  423,  132.155242,   67.990776,    2.689886,     912.013
    6294.216,      76.784,       3.357,       8.157,       4.505,57823,  425,  132.519808,   68.135046,    2.521318,     872.203
    6299.311,      71.689,       3.357,       8.168,       4.510,57823,  427,  132.906429,   68.263009,    2.352970,     832.399
    6304.406,      66.594,       3.357,       8.178,       4.513,57823,  428,  133.314194,   68.374821,    2.184043,     792.595
    6309.501,      61.499,       3.357,       8.188,       4.517,57823,  428,  133.726172,   68.483975,    2.016202,     752.790
    6314.596,      56.404,       3.357,       8.198,       4.521,57823,  428,  134.139229,   68.593111,    1.847461,     712.987
    6319.691,      51.309,       3.357,       8.208,       4.524,57823,  429,  134.553918,   68.702032,    1.679182,     673.185
    6324.786,      46.214,       3.357,       8.218,       4.528,57823,  429,  134.970116,   68.810888,    1.510787,     633.385
    6329.882,      41.118,       3.357,       8.229,       4.531,57823,  429,  135.387692,   68.919802,    1.341505,     593.580
    6334.977,      36.023,       3.357,       8.239,       4.535,57823,  429,  135.806311,   69.028794,    1.173805,     553.787
    6340.072,      30.928,       3.286,       7.779,       4.289,57823,  429,  118.231768,   60.432163,    1.006141,     513.998
    6345.167,      25.833,       3.208,       7.370,       4.055,57823,  429,  103.943641,   52.740552,    0.838377,     474.213
    6350.262,      20.738,       3.124,       6.961,       3.834,57823,  429,   90.146497,   45.921413,    0.670967,     434.434
    6350.262,      20.738,       3.124,       6.961,       3.834,57823,  429,   90.146497,   45.921413,    0.670967,     434.434
    6357.249,      13.751,       2.555,       5.691,       3.135,57823,  429,   49.268527,   25.111115,    0.444653,     379.892
    6357.249,      13.751,       2.555,       5.691,       3.135,57823,  429,   49.268527,   25.111115,    0.444653,     379.892
    6371.000,       0.000,       2.555,       5.693,       3.135,57823,  429,   49.326700,   25.111115,    0.002847,     272.614
