radius[km],depth[km],density[g/cm**3],vp[km/s],vs[km/s],qkappa,qmu,K[GPa],mu[GPa],pressure[GPa],temperature[K]
       0.000,    6371.000,      13.015,      11.211,       3.633, 1278,   76, 1406.635554,  171.809000,  355.222875,       0.000
      31.320,    6339.680,      13.012,      11.209,       3.632, 1278,   76, 1405.946481,  171.644972,  355.205254,       0.000
      62.641,    6308.359,      13.010,      11.207,       3.631, 1278,   76, 1405.241866,  171.477217,  355.136388,       0.000
      93.962,    6277.038,      13.007,      11.205,       3.629, 1278,   76, 1404.522099,  171.305833,  355.020614,       0.000
     125.282,    6245.718,      13.004,      11.203,       3.628, 1278,   76, 1403.788276,  171.131091,  354.858325,       0.000
     156.603,    6214.397,      13.001,      11.200,       3.626, 1278,   76, 1403.041724,  170.953349,  354.649618,       0.000
     187.923,    6183.077,      12.998,      11.198,       3.625, 1278,   76, 1402.283929,  170.772973,  354.394549,       0.000
     219.244,    6151.756,      12.995,      11.196,       3.623, 1278,   76, 1401.516327,  170.590227,  354.093167,       0.000
     250.564,    6120.436,      12.992,      11.194,       3.622, 1278,   76, 1400.739792,  170.405225,  353.745523,       0.000
     281.885,    6089.115,      12.989,      11.192,       3.620, 1278,   76, 1399.943849,  170.215366,  353.351670,       0.000
     313.205,    6057.795,      12.985,      11.189,       3.618, 1278,   76, 1398.919016,  169.969248,  352.911670,       0.000
     344.526,    6026.474,      12.980,      11.185,       3.616, 1278,   76, 1397.791809,  169.697546,  352.425591,       0.000
     375.846,    5995.154,      12.976,      11.182,       3.613, 1278,   76, 1396.558468,  169.399927,  351.893508,       0.000
     407.167,    5963.833,      12.970,      11.178,       3.611, 1278,   76, 1395.215737,  169.076713,  351.315502,       0.000
     438.487,    5932.513,      12.964,      11.174,       3.608, 1278,   76, 1393.761898,  168.728254,  350.691662,       0.000
     469.808,    5901.192,      12.958,      11.170,       3.604, 1278,   76, 1392.197570,  168.354190,  350.022085,       0.000
     501.128,    5869.872,      12.952,      11.165,       3.601, 1278,   76, 1390.525911,  167.954318,  349.306872,       0.000
     532.449,    5838.551,      12.945,      11.160,       3.598, 1278,   76, 1388.746521,  167.529413,  348.546135,       0.000
     563.769,    5807.231,      12.937,      11.154,       3.594, 1278,   76, 1386.858067,  167.080547,  347.739990,       0.000
     595.090,    5775.910,      12.929,      11.149,       3.590, 1278,   76, 1384.861628,  166.608402,  346.888563,       0.000
     626.410,    5744.590,      12.921,      11.143,       3.586, 1278,   76, 1382.759849,  166.112896,  345.991985,       0.000
     657.731,    5713.269,      12.912,      11.136,       3.581, 1278,   76, 1380.553313,  165.593744,  345.050394,       0.000
     689.051,    5681.949,      12.903,      11.130,       3.577, 1278,   76, 1378.239464,  165.051157,  344.063936,       0.000
     720.372,    5650.628,      12.893,      11.123,       3.572, 1278,   76, 1375.815762,  164.484774,  343.032765,       0.000
     751.692,    5619.308,      12.883,      11.116,       3.567, 1278,   76, 1373.282056,  163.894346,  341.957040,       0.000
     783.013,    5587.987,      12.873,      11.108,       3.561, 1278,   76, 1370.639146,  163.279932,  340.836928,       0.000
     814.333,    5556.667,      12.862,      11.100,       3.556, 1278,   76, 1367.888293,  162.641878,  339.672604,       0.000
     845.654,    5525.346,      12.851,      11.092,       3.550, 1278,   76, 1365.030230,  161.980271,  338.464248,       0.000
     876.974,    5494.026,      12.839,      11.083,       3.544, 1278,   76, 1362.066969,  161.295408,  337.212049,       0.000
     908.295,    5462.705,      12.827,      11.074,       3.538, 1278,   76, 1359.000989,  160.588274,  335.916200,       0.000
     939.615,    5431.385,      12.814,      11.065,       3.532, 1278,   76, 1355.836461,  159.859945,  334.576905,       0.000
     970.936,    5400.064,      12.801,      11.055,       3.525, 1278,   76, 1352.447927,  159.081077,  333.194372,       0.000
    1002.256,    5368.744,      12.787,      11.046,       3.518, 1278,   76, 1349.045008,  158.299720,  331.768816,       0.000
    1033.577,    5337.423,      12.774,      11.036,       3.512, 1278,   76, 1345.637578,  157.518325,  330.300460,       0.000
    1064.897,    5306.103,      12.760,      11.026,       3.505, 1278,   76, 1342.225254,  156.736978,  328.789533,       0.000
    1096.218,    5274.782,      12.746,      11.016,       3.498, 1278,   76, 1338.806627,  155.955474,  327.236271,       0.000
    1127.539,    5243.461,      12.733,      11.006,       3.491, 1278,   76, 1335.380493,  155.173630,  325.640916,       0.000
    1158.859,    5212.141,      12.719,      10.996,       3.484, 1278,   76, 1331.945753,  154.391239,  324.003718,       0.000
    1190.179,    5180.820,      12.705,      10.992,       3.477, 1278,   76, 1330.292779,  153.608102,  322.324933,       0.000
    1221.500,    5149.500,      12.691,      10.982,       3.470, 1278,   76, 1326.842561,  152.824135,  320.604824,       0.000
    1221.500,    5149.500,      12.310,      10.080,       0.000,57823,   -0, 1250.935975,    0.000000,  320.602404,       0.000
    1279.410,    5091.590,      12.272,      10.048,       0.000,57823,   -0, 1239.006342,    0.000000,  318.299342,       0.000
    1337.321,    5033.680,      12.234,      10.015,       0.000,57823,   -0, 1227.077776,    0.000000,  316.273611,       0.000
    1395.231,    4975.769,      12.196,       9.982,       0.000,57823,   -0, 1215.147559,    0.000000,  313.527924,       0.000
    1453.141,    4917.859,      12.157,       9.948,       0.000,57823,   -0, 1203.216875,    0.000000,  310.695923,       0.000
    1511.051,    4859.949,      12.119,       9.915,       0.000,57823,   -0, 1191.290502,    0.000000,  308.316326,       0.000
    1568.961,    4802.039,      12.080,       9.881,       0.000,57823,   -0, 1179.376117,    0.000000,  305.079267,       0.000
    1626.872,    4744.128,      12.041,       9.847,       0.000,57823,   -0, 1167.485341,    0.000000,  301.718024,       0.000
    1684.782,    4686.218,      12.002,       9.813,       0.000,57823,   -0, 1155.637434,    0.000000,  298.114964,       0.000
    1742.692,    4628.308,      11.963,       9.778,       0.000,57823,   -0, 1143.819383,    0.000000,  294.326319,       0.000
    1800.603,    4570.397,      11.920,       9.740,       0.000,57823,   -0, 1130.916370,    0.000000,  290.455361,       0.000
    1858.513,    4512.487,      11.877,       9.701,       0.000,57823,   -0, 1117.618564,    0.000000,  286.353188,       0.000
    1916.423,    4454.577,      11.831,       9.659,       0.000,57823,   -0, 1103.907607,    0.000000,  282.139499,       0.000
    1974.333,    4396.667,      11.785,       9.616,       0.000,57823,   -0, 1089.775781,    0.000000,  277.888265,       0.000
    2032.244,    4338.756,      11.736,       9.572,       0.000,57823,   -0, 1075.222374,    0.000000,  273.514408,       0.000
    2090.154,    4280.846,      11.687,       9.525,       0.000,57823,   -0, 1060.261832,    0.000000,  268.927872,       0.000
    2148.064,    4222.936,      11.635,       9.477,       0.000,57823,   -0, 1044.919509,    0.000000,  264.269316,       0.000
    2205.974,    4165.026,      11.582,       9.427,       0.000,57823,   -0, 1029.229726,    0.000000,  259.505410,       0.000
    2263.885,    4107.115,      11.528,       9.375,       0.000,57823,   -0, 1013.220705,    0.000000,  254.617023,       0.000
    2321.795,    4049.205,      11.472,       9.322,       0.000,57823,   -0,  996.916174,    0.000000,  249.742434,       0.000
    2379.705,    3991.295,      11.414,       9.268,       0.000,57823,   -0,  980.330991,    0.000000,  244.593401,       0.000
    2437.615,    3933.385,      11.354,       9.212,       0.000,57823,   -0,  963.469145,    0.000000,  239.473625,       0.000
    2495.526,    3875.474,      11.293,       9.154,       0.000,57823,   -0,  946.327103,    0.000000,  234.257177,       0.000
    2553.436,    3817.564,      11.230,       9.095,       0.000,57823,   -0,  928.911181,    0.000000,  228.946001,       0.000
    2611.346,    3759.654,      11.165,       9.034,       0.000,57823,   -0,  911.228324,    0.000000,  223.672377,       0.000
    2669.256,    3701.744,      11.098,       8.971,       0.000,57823,   -0,  893.267972,    0.000000,  218.148144,       0.000
    2727.167,    3643.833,      11.030,       8.907,       0.000,57823,   -0,  875.006072,    0.000000,  212.550393,       0.000
    2785.077,    3585.923,      10.959,       8.840,       0.000,57823,   -0,  856.419331,    0.000000,  206.884896,       0.000
    2842.987,    3528.013,      10.887,       8.771,       0.000,57823,   -0,  837.507645,    0.000000,  201.156431,       0.000
    2900.897,    3470.103,      10.813,       8.699,       0.000,57823,   -0,  818.303089,    0.000000,  195.386333,       0.000
    2958.808,    3412.192,      10.736,       8.626,       0.000,57823,   -0,  798.865250,    0.000000,  189.563159,       0.000
    3016.718,    3354.282,      10.656,       8.548,       0.000,57823,   -0,  778.592635,    0.000000,  183.695748,       0.000
    3074.628,    3296.372,      10.575,       8.469,       0.000,57823,   -0,  758.588842,    0.000000,  177.746708,       0.000
    3132.539,    3238.461,      10.495,       8.391,       0.000,57823,   -0,  738.886979,    0.000000,  171.748561,       0.000
    3190.449,    3180.551,      10.413,       8.312,       0.000,57823,   -0,  719.480563,    0.000000,  165.728628,       0.000
    3248.359,    3122.641,      10.332,       8.233,       0.000,57823,   -0,  700.359342,    0.000000,  159.702998,       0.000
    3306.269,    3064.731,      10.251,       8.154,       0.000,57823,   -0,  681.513167,    0.000000,  153.615813,       0.000
    3364.180,    3006.820,      10.169,       8.074,       0.000,57823,   -0,  662.932980,    0.000000,  147.480839,       0.000
    3422.090,    2948.910,      10.087,       7.994,       0.000,57823,   -0,  644.614028,    0.000000,  141.344144,       0.000
    3480.000,    2891.000,      10.005,       7.914,       0.000,57823,   -0,  626.556084,    0.000000,  135.203505,       0.000
    3480.000,    2891.000,       5.546,      13.832,       7.453,57823, 9000,  650.403768,  308.047957,  135.199689,    2605.487
    3485.014,    2885.986,       5.544,      13.826,       7.450,57823, 8894,  649.451319,  307.691353,  134.902859,    2603.901
    3490.029,    2880.971,       5.541,      13.820,       7.448,57823, 8789,  648.497741,  307.335060,  134.603120,    2602.314
    3495.043,    2875.957,       5.538,      13.814,       7.445,57823, 8685,  647.543410,  306.979222,  134.287739,    2600.727
    3500.057,    2870.943,       5.536,      13.808,       7.442,57823, 8582,  646.588258,  306.623756,  133.987788,    2599.140
    3505.071,    2865.929,       5.533,      13.802,       7.440,57823, 8480,  645.632499,  306.268642,  133.692274,    2597.553
    3510.086,    2860.914,       5.531,      13.795,       7.437,57823, 8379,  644.676275,  305.913776,  133.394235,    2595.964
    3515.100,    2855.900,       5.528,      13.789,       7.435,57823, 8278,  643.720450,  305.559257,  133.101094,    2594.376
    3520.114,    2850.886,       5.526,      13.783,       7.432,57823, 8179,  642.762885,  305.205166,  132.791507,    2592.787
    3525.129,    2845.871,       5.523,      13.777,       7.429,57823, 8080,  641.782662,  304.852008,  132.500546,    2591.197
    3530.143,    2840.857,       5.520,      13.770,       7.427,57823, 7982,  640.796171,  304.498977,  132.195416,    2589.607
    3535.157,    2835.843,       5.518,      13.764,       7.424,57823, 7885,  639.805461,  304.145732,  131.898959,    2588.017
    3540.171,    2830.829,       5.515,      13.757,       7.422,57823, 7788,  638.814021,  303.792050,  131.604067,    2586.426
    3545.186,    2825.814,       5.513,      13.751,       7.419,57823, 7693,  637.825583,  303.437711,  131.310827,    2584.835
    3550.200,    2820.800,       5.510,      13.745,       7.417,57823, 7598,  636.843870,  303.082827,  131.006004,    2583.246
    3555.214,    2815.786,       5.508,      13.738,       7.414,57823, 7504,  635.870823,  302.727446,  130.715836,    2581.658
    3560.229,    2810.771,       5.505,      13.732,       7.411,57823, 7411,  634.907147,  302.371722,  130.420872,    2580.083
    3565.243,    2805.757,       5.502,      13.726,       7.409,57823, 7319,  633.953312,  302.016042,  130.126408,    2578.532
    3570.257,    2800.743,       5.500,      13.719,       7.406,57823, 7227,  633.008544,  301.660470,  129.830074,    2577.011
    3575.271,    2795.729,       5.497,      13.713,       7.403,57823, 7136,  632.070362,  301.304887,  129.536682,    2575.519
    3580.286,    2790.714,       5.495,      13.707,       7.401,57823, 7046,  631.132872,  300.948832,  129.242489,    2574.045
    3585.300,    2785.700,       5.492,      13.701,       7.398,57823, 6957,  630.189924,  300.591885,  128.950352,    2572.568
    3590.314,    2780.686,       5.490,      13.694,       7.395,57823, 6869,  629.239031,  300.233328,  128.655851,    2571.058
    3595.329,    2775.671,       5.487,      13.688,       7.392,57823, 6781,  628.281839,  299.872298,  128.366187,    2569.484
    3600.343,    2770.657,       5.485,      13.681,       7.390,57823, 6695,  627.320086,  299.508842,  128.073975,    2567.818
    3605.357,    2765.643,       5.482,      13.675,       7.387,57823, 6609,  626.360223,  299.138074,  127.781594,    2566.036
    3610.371,    2760.629,       5.480,      13.668,       7.384,57823, 6523,  625.395200,  298.765078,  127.484333,    2564.120
    3615.386,    2755.614,       5.477,      13.661,       7.381,57823, 6439,  624.425779,  298.386516,  127.185959,    2562.057
    3620.400,    2750.600,       5.475,      13.655,       7.378,57823, 6355,  623.449902,  298.001897,  126.892745,    2559.840
    3625.414,    2745.586,       5.472,      13.648,       7.375,57823, 6272,  622.468662,  297.611781,  126.601637,    2557.466
    3630.429,    2740.571,       5.470,      13.641,       7.372,57823, 6190,  621.487194,  297.217845,  126.308634,    2554.925
    3635.443,    2735.557,       5.467,      13.634,       7.368,57823, 6109,  620.510277,  296.822051,  126.017930,    2552.232
    3640.457,    2730.543,       5.465,      13.627,       7.365,57823, 6028,  619.538296,  296.425058,  125.731051,    2549.401
    3645.471,    2725.529,       5.462,      13.620,       7.362,57823, 5948,  618.566831,  296.013613,  125.440274,    2546.439
    3650.486,    2720.514,       5.459,      13.614,       7.359,57823, 5869,  617.589525,  295.604651,  125.147764,    2543.384
    3655.500,    2715.500,       5.456,      13.607,       7.355,57823, 5791,  616.606567,  295.198703,  124.861098,    2540.263
    3660.514,    2710.486,       5.454,      13.600,       7.352,57823, 5713,  615.622350,  294.809620,  124.568129,    2537.090
    3665.529,    2705.471,       5.451,      13.593,       7.349,57823, 5636,  614.643450,  294.420800,  124.279333,    2533.912
    3670.543,    2700.457,       5.448,      13.587,       7.346,57823, 5560,  613.681583,  294.037998,  123.991464,    2530.769
    3675.557,    2695.443,       5.446,      13.580,       7.343,57823, 5484,  612.742716,  293.663606,  123.690967,    2527.652
    3680.571,    2690.429,       5.443,      13.575,       7.340,57823, 5409,  612.089498,  293.261613,  123.406403,    2524.641
    3685.586,    2685.414,       5.441,      13.574,       7.336,57823, 5335,  612.193720,  292.815085,  123.118934,    2521.761
    3690.600,    2680.400,       5.439,      13.573,       7.331,57823, 5262,  612.283810,  292.310445,  122.831536,    2518.942
    3695.614,    2675.386,       5.437,      13.570,       7.325,57823, 5189,  612.243391,  291.760033,  122.544399,    2516.237
    3700.629,    2670.371,       5.434,      13.568,       7.319,57823, 5118,  612.232237,  291.114894,  122.257127,    2513.584
    3705.643,    2665.357,       5.431,      13.565,       7.311,57823, 5046,  612.267574,  290.299765,  121.970242,    2510.928
    3710.657,    2660.343,       5.426,      13.561,       7.301,57823, 4976,  612.292410,  289.231158,  121.684294,    2508.257
    3715.671,    2655.329,       5.420,      13.558,       7.288,57823, 4906,  612.540397,  287.869746,  121.398783,    2505.546
    3720.686,    2650.314,       5.413,      13.558,       7.270,57823, 4837,  613.433992,  286.109113,  121.117335,    2502.794
    3725.700,    2645.300,       5.404,      13.558,       7.251,57823, 4768,  614.548319,  284.103176,  120.833444,    2499.995
    3730.714,    2640.286,       5.395,      13.558,       7.229,57823, 4701,  615.745593,  281.971700,  120.549465,    2497.152
    3735.729,    2635.271,       5.386,      13.558,       7.209,57823, 4634,  616.820553,  279.925429,  120.258662,    2494.279
    3740.743,    2630.257,       5.378,      13.557,       7.189,57823, 4567,  617.826489,  277.950727,  119.983753,    2491.381
    3745.757,    2625.243,       5.369,      13.557,       7.171,57823, 4502,  618.769783,  276.092578,  119.696139,    2488.472
    3750.771,    2620.229,       5.365,      13.557,       7.154,57823, 4437,  619.931062,  274.549105,  119.414468,    2485.565
    3755.786,    2615.214,       5.360,      13.557,       7.139,57823, 4372,  620.835434,  273.202031,  119.137342,    2482.671
    3760.800,    2610.200,       5.356,      13.556,       7.128,57823, 4309,  621.506590,  272.107679,  118.849677,    2479.807
    3765.814,    2605.186,       5.352,      13.556,       7.120,57823, 4246,  621.788835,  271.362988,  118.569382,    2477.003
    3770.829,    2600.171,       5.349,      13.556,       7.116,57823, 4183,  621.756830,  270.873579,  118.289741,    2474.284
    3775.843,    2595.157,       5.344,      13.555,       7.114,57823, 4122,  621.348449,  270.494308,  118.009381,    2471.720
    3780.857,    2590.143,       5.342,      13.550,       7.112,57823, 4061,  620.521749,  270.246355,  117.730734,    2469.338
    3785.871,    2585.129,       5.340,      13.542,       7.111,57823, 4000,  619.344475,  269.995812,  117.452123,    2467.109
    3790.886,    2580.114,       5.338,      13.538,       7.109,57823, 3940,  618.703332,  269.742871,  117.172865,    2465.011
    3795.900,    2575.100,       5.336,      13.534,       7.107,57823, 3881,  618.018143,  269.487663,  116.892489,    2463.042
    3800.914,    2570.086,       5.333,      13.531,       7.105,57823, 3823,  617.469580,  269.230100,  116.612778,    2461.185
    3805.929,    2565.071,       5.331,      13.528,       7.103,57823, 3765,  617.012469,  268.970062,  116.333071,    2459.424
    3810.943,    2560.057,       5.329,      13.524,       7.101,57823, 3708,  616.389260,  268.707821,  116.049861,    2457.767
    3815.957,    2555.043,       5.327,      13.521,       7.099,57823, 3651,  615.809585,  268.444304,  115.772071,    2456.174
    3820.971,    2550.029,       5.324,      13.515,       7.097,57823, 3595,  614.931218,  268.180196,  115.493387,    2454.610
    3825.986,    2545.014,       5.322,      13.509,       7.095,57823, 3540,  613.998553,  267.915859,  115.217670,    2453.091
    3831.000,    2540.000,       5.320,      13.503,       7.093,57823, 3485,  613.065887,  267.650792,  114.935061,    2451.580
    3841.005,    2529.995,       5.315,      13.491,       7.089,57823, 3378,  611.206546,  267.120576,  114.383344,    2448.536
    3851.010,    2519.990,       5.310,      13.479,       7.085,57823, 3273,  609.351705,  266.590061,  113.829825,    2445.577
    3861.014,    2509.986,       5.306,      13.467,       7.081,57823, 3171,  607.503736,  266.059828,  113.274787,    2442.682
    3871.019,    2499.981,       5.301,      13.455,       7.077,57823, 3070,  605.662328,  265.530226,  112.726387,    2439.840
    3881.024,    2489.976,       5.296,      13.443,       7.074,57823, 2973,  603.826083,  264.999235,  112.179175,    2437.037
    3891.029,    2479.971,       5.292,      13.431,       7.070,57823, 2877,  601.997459,  264.466898,  111.631767,    2434.267
    3901.033,    2469.967,       5.287,      13.419,       7.066,57823, 2784,  600.172918,  263.933001,  111.083272,    2431.526
    3911.038,    2459.962,       5.282,      13.408,       7.062,57823, 2693,  598.349521,  263.398896,  110.540426,    2428.804
    3921.043,    2449.957,       5.278,      13.396,       7.058,57823, 2604,  596.528244,  262.864113,  109.994688,    2426.098
    3931.048,    2439.952,       5.273,      13.384,       7.053,57823, 2518,  594.709265,  262.329176,  109.464788,    2423.408
    3941.052,    2429.948,       5.268,      13.372,       7.049,57823, 2433,  592.892808,  261.792671,  108.923045,    2420.729
    3951.057,    2419.943,       5.263,      13.360,       7.045,57823, 2351,  591.077495,  261.255605,  108.381572,    2418.059
    3961.062,    2409.938,       5.258,      13.348,       7.041,57823, 2271,  589.261234,  260.717130,  107.841025,    2415.400
    3971.067,    2399.933,       5.254,      13.336,       7.037,57823, 2193,  587.444624,  260.177675,  107.293375,    2412.751
    3981.072,    2389.928,       5.249,      13.324,       7.033,57823, 2117,  585.630298,  259.638390,  106.753653,    2410.101
    3991.076,    2379.924,       5.244,      13.312,       7.029,57823, 2043,  583.819869,  259.099869,  106.215449,    2407.449
    4001.081,    2369.919,       5.239,      13.300,       7.025,57823, 1971,  582.013312,  258.562118,  105.678045,    2404.794
    4011.086,    2359.914,       5.234,      13.288,       7.021,57823, 1901,  580.210331,  258.025177,  105.127408,    2402.136
    4021.091,    2349.909,       5.229,      13.276,       7.017,57823, 1833,  578.409939,  257.489066,  104.590933,    2399.474
    4031.095,    2339.905,       5.224,      13.264,       7.013,57823, 1767,  576.611354,  256.953933,  104.054199,    2396.809
    4041.100,    2329.900,       5.220,      13.252,       7.009,57823, 1703,  574.813605,  256.419759,  103.522252,    2394.141
    4051.105,    2319.895,       5.215,      13.240,       7.005,57823, 1640,  573.016567,  255.886559,  102.986472,    2391.469
    4061.110,    2309.890,       5.210,      13.228,       7.001,57823, 1580,  571.219926,  255.354083,  102.458768,    2388.794
    4071.115,    2299.885,       5.205,      13.216,       6.997,57823, 1521,  569.422973,  254.821847,  101.926525,    2386.116
    4081.119,    2289.881,       5.200,      13.204,       6.993,57823, 1464,  567.624577,  254.289208,  101.393470,    2383.436
    4091.124,    2279.876,       5.195,      13.192,       6.989,57823, 1409,  565.822873,  253.755287,  100.864538,    2380.754
    4101.129,    2269.871,       5.191,      13.180,       6.985,57823, 1355,  564.017220,  253.219537,  100.338194,    2378.068
    4111.134,    2259.866,       5.186,      13.168,       6.981,57823, 1304,  562.207853,  252.681632,   99.809841,    2375.380
    4121.139,    2249.861,       5.181,      13.155,       6.976,57823, 1254,  560.395632,  252.141433,   99.284804,    2372.689
    4131.143,    2239.857,       5.176,      13.143,       6.972,57823, 1205,  558.581763,  251.598975,   98.757422,    2369.995
    4141.148,    2229.852,       5.171,      13.131,       6.968,57823, 1158,  556.766883,  251.054284,   98.230120,    2367.295
    4151.153,    2219.847,       5.166,      13.118,       6.964,57823, 1113,  554.951978,  250.507741,   97.714506,    2364.591
    4161.158,    2209.842,       5.161,      13.106,       6.959,57823, 1069,  553.137552,  249.959825,   97.188084,    2361.882
    4171.162,    2199.838,       5.156,      13.093,       6.955,57823, 1027,  551.324489,  249.411110,   96.663384,    2359.168
    4181.167,    2189.833,       5.151,      13.081,       6.951,57823,  986,  549.514015,  248.862000,   96.141417,    2356.446
    4191.172,    2179.828,       5.146,      13.068,       6.947,57823,  947,  547.708511,  248.313011,   95.605064,    2353.719
    4201.177,    2169.823,       5.141,      13.056,       6.942,57823,  909,  545.909679,  247.764409,   95.084736,    2350.986
    4211.181,    2159.819,       5.136,      13.043,       6.938,57823,  873,  544.118194,  247.216251,   94.563704,    2348.246
    4221.186,    2149.814,       5.131,      13.031,       6.934,57823,  838,  542.332763,  246.668216,   94.043174,    2345.500
    4231.191,    2139.809,       5.126,      13.018,       6.929,57823,  804,  540.551085,  246.120010,   93.519018,    2342.747
    4241.196,    2129.804,       5.121,      13.006,       6.925,57823,  772,  538.770062,  245.571185,   93.003488,    2339.989
    4251.201,    2119.799,       5.116,      12.993,       6.921,57823,  741,  536.987746,  245.021268,   92.489583,    2337.224
    4261.205,    2109.795,       5.111,      12.981,       6.916,57823,  711,  535.203906,  244.469932,   91.967303,    2334.455
    4271.210,    2099.790,       5.106,      12.968,       6.912,57823,  683,  533.418256,  243.916857,   91.454883,    2331.681
    4281.215,    2089.785,       5.101,      12.955,       6.907,57823,  655,  531.631161,  243.362113,   90.937704,    2328.902
    4291.220,    2079.780,       5.096,      12.942,       6.903,57823,  629,  529.843609,  242.805963,   90.423466,    2326.120
    4301.224,    2069.776,       5.091,      12.929,       6.898,57823,  604,  528.057649,  242.249062,   89.910580,    2323.335
    4311.229,    2059.771,       5.086,      12.917,       6.894,57823,  581,  526.274877,  241.692232,   89.395170,    2320.547
    4321.234,    2049.766,       5.081,      12.904,       6.889,57823,  558,  524.497301,  241.136492,   88.882289,    2317.757
    4331.239,    2039.761,       5.076,      12.891,       6.884,57823,  536,  522.726732,  240.582550,   88.370244,    2314.965
    4341.243,    2029.757,       5.071,      12.878,       6.880,57823,  516,  520.964399,  240.030874,   87.861996,    2312.172
    4351.248,    2019.752,       5.066,      12.865,       6.875,57823,  496,  519.209737,  239.481429,   87.352115,    2309.377
    4361.253,    2009.747,       5.061,      12.852,       6.871,57823,  478,  517.462324,  238.933810,   86.841477,    2306.580
    4371.258,    1999.742,       5.056,      12.840,       6.866,57823,  460,  515.721957,  238.387050,   86.329873,    2303.782
    4381.263,    1989.737,       5.051,      12.827,       6.862,57823,  444,  513.987932,  237.840216,   85.820566,    2300.982
    4391.267,    1979.733,       5.046,      12.814,       6.857,57823,  428,  512.258497,  237.292783,   85.306650,    2298.180
    4401.272,    1969.728,       5.042,      12.801,       6.853,57823,  413,  510.531553,  236.744055,   84.798537,    2295.376
    4411.277,    1959.723,       5.037,      12.789,       6.848,57823,  399,  508.806594,  236.193477,   84.331081,    2292.570
    4421.282,    1949.718,       5.032,      12.776,       6.843,57823,  386,  507.082799,  235.641093,   83.825926,    2289.761
    4431.287,    1939.713,       5.027,      12.763,       6.839,57823,  374,  505.358397,  235.087979,   83.321237,    2286.949
    4441.291,    1929.709,       5.022,      12.750,       6.834,57823,  362,  503.632237,  234.535410,   82.797606,    2284.136
    4451.296,    1919.704,       5.017,      12.737,       6.829,57823,  351,  501.903891,  233.983923,   82.316794,    2281.319
    4461.301,    1909.699,       5.012,      12.724,       6.825,57823,  341,  500.173473,  233.434156,   81.791454,    2278.501
    4471.306,    1899.694,       5.007,      12.711,       6.820,57823,  332,  498.440442,  232.886802,   81.291891,    2275.680
    4481.310,    1889.690,       5.001,      12.699,       6.816,57823,  323,  496.704544,  232.342296,   80.791720,    2272.858
    4491.315,    1879.685,       4.996,      12.686,       6.811,57823,  315,  494.965424,  231.800341,   80.290950,    2270.034
    4501.320,    1869.680,       4.991,      12.673,       6.807,57823,  307,  493.223454,  231.260403,   79.790498,    2267.209
    4511.325,    1859.675,       4.986,      12.659,       6.802,57823,  301,  491.479355,  230.721483,   79.289708,    2264.382
    4521.329,    1849.671,       4.981,      12.646,       6.798,57823,  294,  489.735100,  230.182130,   78.789567,    2261.555
    4531.334,    1839.666,       4.976,      12.633,       6.793,57823,  288,  487.992175,  229.640985,   78.289753,    2258.726
    4541.339,    1829.661,       4.971,      12.620,       6.789,57823,  283,  486.251585,  229.097526,   77.791142,    2255.896
    4551.344,    1819.656,       4.966,      12.607,       6.784,57823,  278,  484.513620,  228.551392,   77.292696,    2253.064
    4561.349,    1809.651,       4.961,      12.593,       6.779,57823,  274,  482.778840,  228.002115,   76.796027,    2250.231
    4571.353,    1799.647,       4.956,      12.580,       6.775,57823,  270,  481.048115,  227.449329,   76.299734,    2247.397
    4581.358,    1789.642,       4.951,      12.567,       6.770,57823,  266,  479.320998,  226.893086,   75.803941,    2244.560
    4591.363,    1779.637,       4.946,      12.553,       6.765,57823,  263,  477.596584,  226.334352,   75.308163,    2241.721
    4601.368,    1769.632,       4.941,      12.540,       6.760,57823,  260,  475.873744,  225.774127,   74.812972,    2238.879
    4611.373,    1759.627,       4.936,      12.526,       6.755,57823,  257,  474.151980,  225.212830,   74.327679,    2236.035
    4621.377,    1749.623,       4.930,      12.513,       6.750,57823,  254,  472.431924,  224.650015,   73.834213,    2233.188
    4631.382,    1739.618,       4.925,      12.499,       6.745,57823,  252,  470.714731,  224.084150,   73.344377,    2230.338
    4641.387,    1729.613,       4.920,      12.486,       6.740,57823,  250,  469.001644,  223.514145,   72.852916,    2227.483
    4651.392,    1719.608,       4.915,      12.472,       6.735,57823,  249,  467.291707,  222.940359,   72.362387,    2224.625
    4661.396,    1709.604,       4.910,      12.458,       6.730,57823,  247,  465.583346,  222.363828,   71.872404,    2221.761
    4671.401,    1699.599,       4.905,      12.445,       6.725,57823,  245,  463.875069,  221.785055,   71.382313,    2218.893
    4681.406,    1689.594,       4.899,      12.431,       6.719,57823,  244,  462.166358,  221.204512,   70.893741,    2216.019
    4691.411,    1679.589,       4.894,      12.417,       6.714,57823,  243,  460.456917,  220.622552,   70.404288,    2213.139
    4701.415,    1669.585,       4.889,      12.403,       6.709,57823,  241,  458.747292,  220.039213,   69.915685,    2210.254
    4711.420,    1659.580,       4.884,      12.389,       6.703,57823,  240,  457.037306,  219.454394,   69.427016,    2207.363
    4721.425,    1649.575,       4.879,      12.375,       6.698,57823,  239,  455.325239,  218.869316,   68.939054,    2204.465
    4731.430,    1639.570,       4.873,      12.361,       6.693,57823,  238,  453.605475,  218.285696,   68.452420,    2201.562
    4741.435,    1629.565,       4.868,      12.347,       6.687,57823,  236,  451.864415,  217.704261,   67.965956,    2198.652
    4751.439,    1619.561,       4.863,      12.332,       6.682,57823,  235,  450.095272,  217.124929,   67.485438,    2195.737
    4761.444,    1609.556,       4.858,      12.318,       6.677,57823,  235,  448.315848,  216.547226,   67.003903,    2192.815
    4771.449,    1599.551,       4.852,      12.303,       6.671,57823,  235,  446.537583,  215.970606,   66.518727,    2189.886
    4781.454,    1589.546,       4.847,      12.288,       6.666,57823,  235,  444.760329,  215.393977,   66.034567,    2186.950
    4791.458,    1579.542,       4.842,      12.274,       6.661,57823,  235,  442.982683,  214.816189,   65.551617,    2184.007
    4801.463,    1569.537,       4.837,      12.259,       6.655,57823,  235,  441.202897,  214.236412,   65.068446,    2181.055
    4811.468,    1559.532,       4.831,      12.244,       6.650,57823,  235,  439.427096,  213.654487,   64.586440,    2178.095
    4821.473,    1549.527,       4.826,      12.229,       6.645,57823,  235,  437.660737,  213.070417,   64.104840,    2175.125
    4831.477,    1539.523,       4.821,      12.214,       6.639,57823,  235,  435.902288,  212.484383,   63.623310,    2172.146
    4841.482,    1529.518,       4.816,      12.200,       6.633,57823,  235,  434.155134,  211.896494,   63.143105,    2169.156
    4851.487,    1519.513,       4.810,      12.185,       6.628,57823,  235,  432.419823,  211.307076,   62.663180,    2166.155
    4861.492,    1509.508,       4.805,      12.170,       6.622,57823,  235,  430.692973,  210.716347,   62.183755,    2163.143
    4871.497,    1499.503,       4.800,      12.155,       6.617,57823,  235,  428.972148,  210.124409,   61.704814,    2160.119
    4881.501,    1489.499,       4.794,      12.141,       6.611,57823,  235,  427.264733,  209.531244,   61.226020,    2157.085
    4891.506,    1479.494,       4.789,      12.126,       6.605,57823,  235,  425.585222,  208.936497,   60.755740,    2154.038
    4901.511,    1469.489,       4.783,      12.112,       6.600,57823,  235,  423.924036,  208.339962,   60.279951,    2150.980
    4911.516,    1459.484,       4.778,      12.097,       6.594,57823,  235,  422.268651,  207.741469,   59.803808,    2147.911
    4921.520,    1449.480,       4.773,      12.083,       6.588,57823,  235,  420.617595,  207.141040,   59.326281,    2144.832
    4931.525,    1439.475,       4.767,      12.069,       6.582,57823,  235,  418.970609,  206.538599,   58.851031,    2141.741
    4941.530,    1429.470,       4.762,      12.054,       6.576,57823,  235,  417.327651,  205.934303,   58.373354,    2138.641
    4951.535,    1419.465,       4.756,      12.040,       6.570,57823,  235,  415.688394,  205.328282,   57.898479,    2135.530
    4961.540,    1409.460,       4.751,      12.025,       6.564,57823,  235,  414.052575,  204.720746,   57.427842,    2132.410
    4971.544,    1399.456,       4.746,      12.010,       6.558,57823,  235,  412.419972,  204.112114,   56.941144,    2129.282
    4981.549,    1389.451,       4.740,      11.996,       6.552,57823,  235,  410.789483,  203.502812,   56.469068,    2126.145
    4991.554,    1379.446,       4.735,      11.981,       6.546,57823,  235,  409.160113,  202.893636,   55.996443,    2122.999
    5001.559,    1369.441,       4.729,      11.967,       6.540,57823,  235,  407.530483,  202.285452,   55.524793,    2119.846
    5011.564,    1359.436,       4.724,      11.952,       6.534,57823,  235,  405.899228,  201.679047,   55.054366,    2116.685
    5021.568,    1349.432,       4.719,      11.937,       6.528,57823,  235,  404.265386,  201.074939,   54.584118,    2113.517
    5031.573,    1339.427,       4.713,      11.922,       6.522,57823,  235,  402.627792,  200.473069,   54.113672,    2110.342
    5041.578,    1329.422,       4.708,      11.907,       6.516,57823,  235,  400.986107,  199.873213,   53.644716,    2107.159
    5051.583,    1319.417,       4.702,      11.893,       6.510,57823,  235,  399.340337,  199.274775,   53.170616,    2103.968
    5061.587,    1309.413,       4.697,      11.878,       6.504,57823,  235,  397.691234,  198.676988,   52.702805,    2100.770
    5071.592,    1299.408,       4.691,      11.863,       6.498,57823,  235,  396.039314,  198.078957,   52.234994,    2097.563
    5081.597,    1289.403,       4.686,      11.848,       6.492,57823,  235,  394.385511,  197.480271,   51.768078,    2094.349
    5091.602,    1279.398,       4.680,      11.832,       6.486,57823,  235,  392.730577,  196.880684,   51.302600,    2091.127
    5101.606,    1269.394,       4.675,      11.817,       6.480,57823,  235,  391.075601,  196.280005,   50.832860,    2087.897
    5111.611,    1259.389,       4.669,      11.802,       6.474,57823,  235,  389.421296,  195.677769,   50.366522,    2084.658
    5121.616,    1249.384,       4.663,      11.787,       6.468,57823,  235,  387.768748,  195.073635,   49.902735,    2081.412
    5131.621,    1239.379,       4.658,      11.771,       6.462,57823,  235,  386.118548,  194.467251,   49.439062,    2078.157
    5141.626,    1229.374,       4.652,      11.756,       6.455,57823,  235,  384.470802,  193.858473,   48.975797,    2074.894
    5151.630,    1219.370,       4.647,      11.741,       6.449,57823,  235,  382.825308,  193.247613,   48.512618,    2071.623
    5161.635,    1209.365,       4.641,      11.725,       6.443,57823,  235,  381.181190,  192.635092,   48.051395,    2068.343
    5171.640,    1199.360,       4.635,      11.710,       6.436,57823,  235,  379.538125,  192.021580,   47.586501,    2065.056
    5181.645,    1189.355,       4.630,      11.694,       6.430,57823,  235,  377.895487,  191.407798,   47.116018,    2061.760
    5191.649,    1179.351,       4.624,      11.678,       6.424,57823,  235,  376.252494,  190.794767,   46.655355,    2058.456
    5201.654,    1169.346,       4.618,      11.663,       6.417,57823,  235,  374.608076,  190.183145,   46.194365,    2055.143
    5211.659,    1159.341,       4.613,      11.647,       6.411,57823,  235,  372.962468,  189.573139,   45.734111,    2051.822
    5221.664,    1149.336,       4.607,      11.631,       6.404,57823,  235,  371.316071,  188.964705,   45.274744,    2048.493
    5231.668,    1139.332,       4.601,      11.616,       6.398,57823,  235,  369.668927,  188.358352,   44.815864,    2045.155
    5241.673,    1129.327,       4.596,      11.600,       6.392,57823,  235,  368.019998,  187.754774,   44.357364,    2041.808
    5251.678,    1119.322,       4.590,      11.584,       6.386,57823,  235,  366.369925,  187.153660,   43.900542,    2038.452
    5261.683,    1109.317,       4.584,      11.568,       6.379,57823,  235,  364.723433,  186.551123,   43.443590,    2035.088
    5271.688,    1099.312,       4.578,      11.552,       6.373,57823,  235,  363.083497,  185.944338,   42.992993,    2031.715
    5281.692,    1089.308,       4.573,      11.536,       6.366,57823,  235,  361.446564,  185.335335,   42.537594,    2028.333
    5291.697,    1079.303,       4.567,      11.520,       6.360,57823,  235,  359.809306,  184.725256,   42.082616,    2024.942
    5301.702,    1069.298,       4.561,      11.504,       6.353,57823,  235,  358.170491,  184.114286,   41.623827,    2021.542
    5311.707,    1059.293,       4.555,      11.488,       6.347,57823,  235,  356.528996,  183.502658,   41.169720,    2018.132
    5321.712,    1049.288,       4.549,      11.472,       6.340,57823,  235,  354.885354,  182.889700,   40.715452,    2014.713
    5331.716,    1039.284,       4.544,      11.456,       6.334,57823,  235,  353.244229,  182.272180,   40.263423,    2011.285
    5341.721,    1029.279,       4.538,      11.439,       6.327,57823,  235,  351.612040,  181.645410,   39.810344,    2007.847
    5351.726,    1019.274,       4.532,      11.423,       6.320,57823,  235,  349.992413,  181.007566,   39.354283,    2004.400
    5361.731,    1009.269,       4.526,      11.406,       6.313,57823,  235,  348.390908,  180.355099,   38.902581,    2000.942
    5371.735,     999.265,       4.520,      11.390,       6.305,57823,  235,  346.796965,  179.696546,   38.451206,    1997.475
    5381.740,     989.260,       4.514,      11.373,       6.298,57823,  235,  345.200737,  179.039186,   38.008210,    1993.998
    5391.745,     979.255,       4.508,      11.357,       6.290,57823,  235,  343.601812,  178.383421,   37.558422,    1990.510
    5401.750,     969.250,       4.502,      11.340,       6.283,57823,  235,  342.000901,  177.728078,   37.108525,    1987.013
    5411.755,     959.245,       4.497,      11.323,       6.275,57823,  235,  340.397332,  177.072456,   36.659190,    1983.506
    5421.759,     949.241,       4.491,      11.306,       6.268,57823,  235,  338.790014,  176.416382,   36.211293,    1979.988
    5431.764,     939.236,       4.485,      11.289,       6.260,57823,  235,  337.182584,  175.756871,   35.763561,    1976.461
    5441.769,     929.231,       4.479,      11.272,       6.253,57823,  235,  335.574775,  175.095538,   35.316762,    1972.925
    5451.774,     919.226,       4.473,      11.255,       6.245,57823,  235,  333.960458,  174.437984,   34.870631,    1969.384
    5461.778,     909.222,       4.467,      11.237,       6.238,57823,  235,  332.340246,  173.784342,   34.424446,    1965.842
    5471.783,     899.217,       4.461,      11.220,       6.230,57823,  235,  330.715251,  173.133352,   33.979157,    1962.301
    5481.788,     889.212,       4.455,      11.203,       6.223,57823,  235,  329.086300,  172.484215,   33.534457,    1958.766
    5491.793,     879.207,       4.449,      11.185,       6.215,57823,  235,  327.453256,  171.836900,   33.090476,    1955.241
    5501.797,     869.203,       4.442,      11.168,       6.208,57823,  235,  325.816028,  171.192631,   32.645294,    1951.727
    5511.802,     859.198,       4.436,      11.150,       6.200,57823,  235,  324.177112,  170.550635,   32.201772,    1948.207
    5521.807,     849.193,       4.430,      11.133,       6.193,57823,  235,  322.540779,  169.908465,   31.758679,    1944.655
    5531.812,     839.188,       4.424,      11.115,       6.185,57823,  235,  320.907866,  169.265364,   31.318201,    1941.037
    5541.817,     829.183,       4.418,      11.098,       6.178,57823,  235,  319.277759,  168.621936,   30.876297,    1937.324
    5551.821,     819.179,       4.412,      11.080,       6.170,57823,  235,  317.650634,  167.978644,   30.435865,    1933.493
    5561.826,     809.174,       4.406,      11.062,       6.163,57823,  235,  316.025790,  167.335055,   29.995281,    1929.527
    5571.831,     799.169,       4.400,      11.044,       6.155,57823,  235,  314.401446,  166.691457,   29.556836,    1925.419
    5581.836,     789.164,       4.393,      11.026,       6.148,57823,  235,  312.774735,  166.048635,   29.118057,    1921.164
    5591.840,     779.160,       4.387,      11.008,       6.140,57823,  235,  311.143287,  165.407422,   28.690906,    1916.766
    5601.845,     769.155,       4.381,      10.990,       6.133,57823,  235,  309.504771,  164.768483,   28.251918,    1912.227
    5611.850,     759.150,       4.375,      10.972,       6.125,57823,  235,  307.858082,  164.132877,   27.817164,    1907.555
    5621.855,     749.145,       4.369,      10.954,       6.117,57823,  235,  306.224805,  163.499395,   27.378467,    1902.760
    5631.859,     739.141,       4.363,      10.936,       6.110,57823,  235,  304.595923,  162.868095,   26.944300,    1897.854
    5641.864,     729.136,       4.357,      10.917,       6.102,57823,  235,  302.971363,  162.238842,   26.506790,    1892.851
    5651.869,     719.131,       4.351,      10.899,       6.095,57823,  235,  301.351608,  161.611562,   26.070198,    1887.765
    5661.874,     709.126,       4.345,      10.881,       6.087,57823,  235,  299.736889,  160.986144,   25.637273,    1882.614
    5671.879,     699.121,       4.338,      10.863,       6.080,57823,  235,  298.127351,  160.362514,   25.200065,    1877.415
    5681.883,     689.117,       4.332,      10.845,       6.072,57823,  235,  296.523249,  159.740686,   24.766215,    1872.187
    5691.888,     679.112,       4.326,      10.826,       6.065,57823,  235,  294.924322,  159.120502,   24.328617,    1866.950
    5701.893,     669.107,       4.259,      10.624,       5.862,57823,  165,  285.568570,  146.379327,   23.905068,    1861.724
    5711.898,     659.102,       4.158,      10.439,       5.700,57823,  112,  272.974801,  135.111047,   23.478248,    1856.529
    5721.903,     649.097,       4.063,      10.269,       5.554,57823,  120,  261.368108,  125.317318,   23.081464,    1851.381
    5731.907,     639.093,       4.002,      10.143,       5.449,57823,  119,  253.292246,  118.812682,   22.680767,    1846.288
    5741.912,     629.088,       3.967,      10.065,       5.390,57823,  119,  248.244700,  115.258124,   22.283814,    1841.250
    5751.917,     619.083,       3.957,      10.028,       5.366,57823,  119,  246.030082,  113.927744,   21.888612,    1836.264
    5761.922,     609.078,       3.947,      10.007,       5.355,57823,  118,  244.359981,  113.179650,   21.421456,    1831.317
    5771.926,     599.074,       3.937,       9.986,       5.346,57823,  118,  242.640589,  112.506810,   21.029343,    1826.385
    5781.931,     589.069,       3.928,       9.965,       5.335,57823,  118,  240.926968,  111.800243,   20.637443,    1821.446
    5791.936,     579.064,       3.918,       9.940,       5.322,57823,  117,  239.123543,  110.975985,   20.311748,    1816.486
    5801.941,     569.059,       3.908,       9.911,       5.305,57823,  117,  237.199901,  109.958476,   19.855352,    1811.501
    5811.945,     559.055,       3.894,       9.873,       5.281,57823,  117,  234.803914,  108.601852,   19.467225,    1806.493
    5821.950,     549.050,       3.881,       9.825,       5.251,57823,  118,  231.913127,  106.979373,   19.082021,    1801.465
    5831.955,     539.045,       3.864,       9.764,       5.215,57823,  118,  228.240823,  105.113680,   18.697471,    1796.421
    5841.960,     529.040,       3.848,       9.702,       5.182,57823,  119,  224.419708,  103.351725,   18.315738,    1791.367
    5851.965,     519.035,       3.833,       9.652,       5.157,57823,  119,  221.116010,  101.953860,   17.932669,    1786.307
    5861.969,     509.031,       3.821,       9.617,       5.141,57823,  118,  218.724708,  100.962954,   17.552293,    1781.245
    5871.974,     499.026,       3.810,       9.590,       5.127,57823,  120,  216.871837,  100.147099,   17.172547,    1776.176
    5881.979,     489.021,       3.801,       9.563,       5.112,57823,  120,  215.154481,   99.328762,   16.793252,    1771.113
    5891.984,     479.016,       3.792,       9.532,       5.095,57823,  121,  213.311559,   98.441351,   16.416005,    1766.065
    5901.989,     469.011,       3.783,       9.501,       5.078,57823,  122,  211.405831,   97.529309,   16.038960,    1761.035
    5911.993,     459.007,       3.773,       9.469,       5.060,57823,  121,  209.478542,   96.616219,   15.663172,    1756.025
    5921.998,     449.002,       3.761,       9.436,       5.043,57823,  120,  207.358511,   95.633843,   15.288402,    1751.032
    5932.003,     438.997,       3.752,       9.379,       5.026,57823,  121,  203.695805,   94.759410,   14.916935,    1746.052
    5942.008,     428.992,       3.739,       9.337,       4.994,57823,  120,  201.603101,   93.236358,   14.555847,    1741.081
    5952.012,     418.988,       3.709,       9.229,       4.924,57823,  119,  195.998348,   89.925815,   14.171569,    1736.111
    5962.017,     408.983,       3.664,       9.063,       4.833,57823,  119,  186.828084,   85.561114,   13.811168,    1731.136
    5972.022,     398.978,       3.611,       8.869,       4.760,57823,  119,  174.962943,   81.822153,   13.462553,    1726.148
    5982.027,     388.973,       3.573,       8.735,       4.694,57823,  119,  167.678078,   78.726712,   13.108640,    1721.112
    5992.032,     378.968,       3.553,       8.693,       4.646,57823,  119,  166.192530,   76.677491,   12.755339,    1716.007
    6002.036,     368.964,       3.544,       8.674,       4.631,57823,  119,  165.331183,   76.015685,   12.402692,    1710.813
    6012.041,     358.959,       3.535,       8.646,       4.625,57823,  119,  163.447492,   75.614147,   12.051630,    1705.533
    6022.046,     348.954,       3.527,       8.618,       4.618,57823,  119,  161.633984,   75.193662,   11.700913,    1700.198
    6032.051,     338.949,       3.518,       8.587,       4.609,57823,  120,  159.808258,   74.727839,   11.352513,    1694.892
    6042.055,     328.945,       3.510,       8.557,       4.598,57823,  119,  158.090387,   74.188813,   11.004341,    1689.767
    6052.060,     318.940,       3.501,       8.527,       4.584,57823,  119,  156.486503,   73.570731,   10.656722,    1685.117
    6062.065,     308.935,       3.492,       8.498,       4.569,57823,  120,  154.982713,   72.906405,   10.310850,    1680.849
    6072.070,     298.930,       3.483,       8.469,       4.554,57823,  121,  153.508882,   72.242558,    9.965605,    1676.777
    6082.074,     288.926,       3.474,       8.440,       4.540,57823,  121,  152.004745,   71.619181,    9.620568,    1672.879
    6092.079,     278.921,       3.466,       8.411,       4.528,57823,  122,  150.443165,   71.056760,    9.277034,    1669.153
    6102.084,     268.916,       3.457,       8.383,       4.518,57823,  124,  148.836257,   70.549904,    8.934453,    1665.599
    6112.089,     258.911,       3.448,       8.355,       4.508,57823,  128,  147.236289,   70.077072,    8.593039,    1662.219
    6122.093,     248.907,       3.439,       8.327,       4.499,57823,  125,  145.654804,   69.605428,    8.252443,    1659.012
    6132.098,     238.902,       3.431,       8.299,       4.489,57823,  130,  144.094008,   69.134186,    7.913389,    1655.977
    6142.103,     228.897,       3.422,       8.267,       4.471,57823,  128,  142.648711,   68.399010,    7.575659,    1653.114
    6152.108,     218.892,       3.413,       8.236,       4.456,57823,  132,  141.155006,   67.762336,    7.233687,    1650.425
    6162.113,     208.887,       3.403,       8.207,       4.444,57823,  132,  139.616310,   67.221529,    6.897336,    1647.908
    6172.117,     198.883,       3.394,       8.185,       4.445,57823,  140,  137.942765,   67.036416,    6.561784,    1645.564
    6182.122,     188.878,       3.384,       8.162,       4.445,57823,  139,  136.297684,   66.853834,    6.229384,    1643.393
    6187.217,     183.783,       3.377,       8.151,       4.445,57823,  140,  135.393885,   66.724424,    6.060035,    1642.354
    6192.312,     178.688,       3.371,       8.140,       4.446,57823,  141,  134.553973,   66.623477,    5.890108,    1628.725
    6197.408,     173.592,       3.367,       8.129,       4.446,57823,  142,  133.783151,   66.547980,    5.720285,    1614.813
    6202.503,     168.497,       3.366,       8.120,       4.446,57823,  142,  133.213688,   66.542168,    5.551645,    1596.923
    6207.598,     163.402,       3.365,       8.112,       4.447,57823,  141,  132.737390,   66.541358,    5.382431,    1575.024
    6212.693,     158.307,       3.364,       8.106,       4.447,57823,  143,  132.344941,   66.538471,    5.211861,    1549.230
    6217.788,     153.212,       3.363,       8.102,       4.448,57823,  122,  132.031527,   66.539767,    5.044045,    1519.975
    6222.883,     148.117,       3.362,       8.099,       4.449,57823,  121,  131.783780,   66.558281,    4.875348,    1487.805
    6227.979,     143.021,       3.361,       8.098,       4.452,57823,  118,  131.610191,   66.609760,    4.707014,    1453.078
    6233.074,     137.926,       3.360,       8.099,       4.455,57823,  120,  131.485020,   66.684615,    4.538598,    1415.399
    6238.169,     132.831,       3.359,       8.103,       4.459,57823,  120,  131.459473,   66.779382,    4.370870,    1374.059
    6243.264,     127.736,       3.358,       8.107,       4.463,57823,  118,  131.532680,   66.890820,    4.202814,    1330.928
    6248.359,     122.641,       3.358,       8.113,       4.467,57823,  117,  131.683212,   67.017941,    4.034439,    1286.912
    6253.454,     117.546,       3.358,       8.119,       4.472,57823,  116,  131.848626,   67.150058,    3.865707,    1242.588
    6258.549,     112.451,       3.359,       8.125,       4.476,57823,  117,  132.017191,   67.280970,    3.697345,    1198.514
    6263.645,     107.355,       3.359,       8.131,       4.480,57823,  120,  132.190012,   67.410575,    3.529453,    1155.075
    6268.740,     102.260,       3.359,       8.138,       4.484,57823,  121,  132.369275,   67.539483,    3.361088,    1112.477
    6273.835,      97.165,       3.359,       8.144,       4.489,57823,  420,  132.558528,   67.669238,    3.192759,    1070.648
    6278.930,      92.070,       3.359,       8.156,       4.493,57823,  471,  132.994176,   67.808656,    3.024310,    1029.202
    6284.025,      86.975,       3.359,       8.168,       4.498,57823,  489,  133.485184,   67.955567,    2.855530,     987.373
    6289.120,      81.880,       3.359,       8.182,       4.503,57823,  497,  134.039583,   68.100911,    2.687018,     945.485
    6294.216,      76.784,       3.359,       8.192,       4.507,57823,  499,  134.422119,   68.230458,    2.518589,     903.587
    6299.311,      71.689,       3.359,       8.202,       4.511,57823,  500,  134.819104,   68.347244,    2.350370,     861.697
    6304.406,      66.594,       3.359,       8.212,       4.515,57823,  500,  135.220378,   68.459410,    2.182116,     819.808
    6309.501,      61.499,       3.359,       8.222,       4.518,57823,  500,  135.616476,   68.575198,    2.013861,     777.918
    6314.596,      56.404,       3.359,       8.232,       4.522,57823,  501,  136.013259,   68.690534,    1.845813,     736.030
    6319.691,      51.309,       3.359,       8.242,       4.526,57823,  501,  136.409888,   68.806032,    1.676999,     694.143
    6324.786,      46.214,       3.357,       8.252,       4.530,57823,  501,  136.727236,   68.881838,    1.508964,     652.260
    6329.882,      41.118,       3.357,       8.262,       4.534,57823,  500,  137.141746,   69.006894,    1.342780,     610.372
    6334.977,      36.023,       3.358,       8.272,       4.538,57823,  501,  137.556321,   69.132228,    1.174970,     568.497
    6340.072,      30.928,       3.290,       7.784,       4.299,57823,  501,  118.293367,   60.806283,    1.007367,     526.627
    6345.167,      25.833,       3.214,       7.377,       4.070,57823,  501,  103.916174,   53.222863,    0.839957,     484.764
    6350.262,      20.738,       3.140,       6.995,       3.853,57823,  500,   91.486662,   46.615212,    0.672013,     442.907
    6350.262,      20.738,       3.140,       6.995,       3.853,57823,  500,   91.486662,   46.615212,    0.672013,     442.907
    6357.249,      13.751,       2.581,       5.751,       3.167,57823,  500,   50.847805,   25.887144,    0.444966,     385.520
    6357.249,      13.751,       2.581,       5.751,       3.167,57823,  500,   50.847805,   25.887144,    0.444966,     385.520
    6371.000,       0.000,       2.587,       5.763,       3.174,57823,  500,   51.170345,   26.062152,    0.002847,     272.615
